"TC20 UVIS_COP_ROW"
80
95
80
-1
17
79
80
95
80
79
80
95
80
17
-1
80
79
80
95
84
79
80
95
17
79
80
95
-1
17
80
79
80
95
80
84
80
79
95
68
80
79
80
95
17
80
80
79
17
95
80
80
-1
17
80
79
95
80
84
80
80
79
80
80
95
80
79
95
80
17
79
80
17
95
80
79
80
95
80
79
95
80
79
80
80
-1
-1
80
95
-1
79
-1
17
95
80
79
84
95
84
79
72
95
84
84
79
95
84
79
84
84
95
84
79
17
95
84
79
95
84
84
17
84
79
84
95
84
84
79
-1
17
95
84
79
84
95
79
84
95
84
79
84
95
84
79
17
95
79
95
84
79
84
84
95
79
84
95
84
84
79
95
17
79
84
84
95
79
84
84
17
84
95
-1
84
84
79
84
95
84
-1
17
84
84
84
79
95
79
84
95
84
84
79
84
17
84
95
79
95
79
84
95
89
79
89
95
79
89
89
95
89
79
89
95
17
89
79
95
17
-1
17
84
79
95
89
89
79
95
89
79
89
89
95
89
89
79
95
89
84
79
89
95
17
79
89
95
17
79
95
89
89
68
79
95
89
79
89
89
-1
-1
89
95
84
79
89
95
17
79
89
89
95
79
89
95
89
89
84
89
79
84
95
89
79
95
89
79
17
89
95
89
17
89
89
84
89
79
95
79
95
89
89
79
95
89
79
89
89
95
64
89
79
95
79
84
17
17
84
95
84
79
-1
17
95
79
84
95
84
79
84
95
84
84
79
95
84
84
84
84
17
79
84
95
84
79
