S/C,UTC,UVIS nadir LOS surface intercept lat (deg),UVIS nadir LOS surface intercept lon (deg),S/C altitude (km),UVIS nadir LOS surface intercept LST (h),UVIS nadir LOS surface intercept Incidence angle (deg),UVIS nadir LOS surface intercept Emission angle (deg),UVIS nadir LOS surface intercept Phase angle (deg)
MRO,2021 JAN 23 00:09:00,15.2305,120.5005,275.6072,14.6686,43.8134,3.8824e-14,43.8134
TGO,2021 JAN 23 00:00:00,17.8136,121.9211,399.9411,14.6175,44.1764,0.086263,44.2417

MRO,2021 JAN 23 02:00:00,11.6519,93.6735,272.3524,14.6811,42.7329,7.5013e-15,42.7329
TGO,2021 JAN 23 01:57:00,15.236,92.3392,397.741,14.5433,42.1351,0.63921,42.6961

MRO,2021 JAN 23 05:45:00,14.3432,38.8033,275.522,14.6733,43.5256,5.5819e-14,43.5256
TGO,2021 JAN 23 05:54:00,18.9787,35.0907,402.0573,14.5719,44.0757,2.5438,46.1055

MRO,2021 JAN 23 09:36:00,35.5358,-18.6059,290.1974,14.5936,53.3674,4.7282e-14,53.3674
TGO,2021 JAN 23 09:54:00,30.8047,-19.5303,409.9084,14.8242,52.9449,0.086231,52.9608

MRO,2021 JAN 23 11:27:00,31.8469,-45.3904,287.1747,14.6089,51.2552,5.725e-14,51.2552
TGO,2021 JAN 23 11:51:00,28.1516,-49.2806,408.4264,14.7389,50.5715,0.05326,50.6122

MRO,2021 JAN 23 11:30:00,41.3601,-46.8278,294.1835,14.5617,56.8564,2.6988e-14,56.8564
TGO,2021 JAN 23 11:54:00,36.7728,-46.6057,414.0544,14.9658,57.7016,0.050386,57.6935

MRO,2021 JAN 23 13:21:00,37.7871,-73.6042,291.5089,14.5775,54.6226,5.131e-14,54.6226
TGO,2021 JAN 23 13:51:00,34.2507,-76.4386,412.3734,14.8753,55.3572,0.047309,55.361

MRO,2021 JAN 24 15:30:00,35.4064,-95.1886,289.2967,14.5931,53.0737,3.2986e-14,53.0737
TGO,2021 JAN 24 15:24:00,34.8654,-92.6868,412.226,14.6625,53.4141,0.3409,53.5581

MRO,2021 JAN 24 17:21:00,31.9684,-121.9399,286.3507,14.6106,51.1483,6.4007e-14,51.1483
TGO,2021 JAN 24 17:21:00,32.3352,-122.258,411.0038,14.5894,51.1494,0.72242,50.639

MRO,2021 JAN 24 19:12:00,28.4649,-148.6899,284.7467,14.6281,49.321,3.3358e-14,49.321
TGO,2021 JAN 24 19:18:00,29.7264,-151.9303,409.9711,14.5094,48.7618,0.97175,48.0853

MRO,2021 JAN 25 19:30:00,29.5526,-143.479,285.5312,14.6294,49.7907,5.0988e-14,49.7907
TGO,2021 JAN 25 18:54:00,32.9918,-138.6424,411.6353,14.3678,49.1934,0.85057,49.622

MRO,2021 JAN 25 23:15:00,31.7412,161.6609,288.4706,14.6225,50.942,4.0855e-14,50.942
TGO,2021 JAN 25 22:51:00,36.1922,164.6456,413.5906,14.4319,51.8522,0.2776,51.633

MRO,2021 JAN 26 08:42:00,51.9887,21.9147,303.2889,14.5047,63.3704,6.379e-14,63.3704
TGO,2021 JAN 26 08:45:00,48.8351,25.5418,420.8667,14.7953,63.1465,0.084849,63.0619

MRO,2021 JAN 26 10:33:00,48.2847,-4.6074,300.0973,14.5375,60.9072,2.0151e-14,60.9072
TGO,2021 JAN 26 10:42:00,46.1826,-4.8866,419.1402,14.6647,60.383,0.067323,60.3216

MRO,2021 JAN 26 12:24:00,44.5636,-31.2513,296.9184,14.5619,58.4795,3.9852e-14,58.4795
TGO,2021 JAN 26 12:39:00,43.5846,-35.1291,418.022,14.5469,57.6894,0.3149,57.4656

MRO,2021 JAN 26 14:12:00,31.3983,-56.5563,287.135,14.6272,50.6965,3.7091e-14,50.6965
TGO,2021 JAN 26 13:45:00,34.6616,-54.0684,379.8931,14.355,50.0333,175.3828,125.9367

MRO,2021 JAN 27 14:33:00,41.6923,-52.7751,295.0114,14.5819,56.5061,4.326e-14,56.5061
TGO,2021 JAN 27 14:12:00,44.2241,-51.2077,418.3284,14.3458,56.4043,0.65706,56.0415

MRO,2021 JAN 27 16:24:00,38.1376,-79.5517,292.4677,14.5978,54.3211,5.4373e-14,54.3211
TGO,2021 JAN 27 16:09:00,41.7945,-81.3861,416.5014,14.2319,53.7705,0.12305,53.7447

MRO,2021 JAN 28 05:36:00,60.5283,84.9958,305.8887,14.4167,68.9257,3.455e-14,68.9257
TGO,2021 JAN 28 06:00:00,57.4244,85.8442,424.8442,14.8628,69.0027,0.061832,68.9426

MRO,2021 JAN 28 07:27:00,57.1573,58.5805,304.8061,14.4564,66.54,6.273e-14,66.54
TGO,2021 JAN 28 07:57:00,55.0654,54.9077,424.8984,14.6983,66.3781,0.076758,66.303

MRO,2021 JAN 29 05:51:00,52.131,92.3501,300.6769,14.5125,62.9583,1.4225e-14,62.9583
TGO,2021 JAN 29 05:33:00,52.3547,94.1987,421.5451,14.3436,62.0974,0.17833,62.0733

MRO,2021 JAN 29 05:54:00,61.5913,90.04,306.0098,14.4072,69.4942,7.1474e-14,69.4942
TGO,2021 JAN 28 06:00:00,57.4244,85.8442,424.8442,14.8628,69.0027,0.061832,68.9426

MRO,2021 JAN 29 09:36:00,54.8183,37.2598,304.203,14.4903,64.7614,3.0173e-14,64.7614
TGO,2021 JAN 29 09:30:00,55.5745,38.9792,424.4637,14.5075,65.4193,0.076892,65.3426

MRO,2021 JAN 29 11:27:00,51.2048,10.8324,301.7972,14.5292,62.3502,1.7128e-14,62.3502
TGO,2021 JAN 29 11:27:00,52.9942,8.036,422.6998,14.3428,62.5276,0.24448,62.3786

MRO,2021 JAN 31 02:45:00,61.6031,155.4881,309.0244,14.4286,69.2153,3.2004e-14,69.2153
TGO,2021 JAN 31 02:48:00,60.4581,155.8275,426.7123,14.5,68.6751,0.087862,68.6051

MRO,2021 JAN 31 04:36:00,57.926,129.145,306.1697,14.4733,66.6243,2.642e-14,66.6243
TGO,2021 JAN 31 04:45:00,58.1527,124.2088,424.4181,14.29,65.8778,0.099022,65.8222

MRO,2021 FEB 01 06:45:00,55.2134,107.8147,303.9493,14.5064,64.5738,7.1985e-14,64.5738
TGO,2021 FEB 01 06:18:00,58.7456,108.3918,424.5707,14.1069,65.2809,0.094583,65.2022

MRO,2021 FEB 01 19:54:00,68.0466,-87.1393,311.232,14.31,73.4486,7.1147e-15,73.4486
TGO,2021 FEB 01 20:06:00,65.368,-84.9627,428.2226,14.65,72.6511,0.077829,72.6111

MRO,2021 FEB 02 01:30:00,67.0831,-168.3997,311.282,14.3439,72.7488,2.5655e-14,72.7488
TGO,2021 FEB 02 02:00:00,65.8587,-170.658,430.1853,14.68,73.0855,0.077565,73.0494

MRO,2021 FEB 02 23:54:00,62.2369,-134.2513,306.3729,14.4256,69.0979,3.9213e-14,69.0979
TGO,2021 FEB 02 23:36:00,63.6789,-133.0849,429.2885,14.2111,69.3518,0.077372,69.29

MRO,2021 FEB 03 20:30:00,70.1986,-77.4078,310.6412,14.2678,74.621,9.6733e-15,74.621
TGO,2021 FEB 03 21:15:00,68.3175,-82.1951,429.1633,14.6786,74.5137,0.086394,74.4914

MRO,2021 FEB 04 17:03:00,69.2417,-16.7557,310.2638,14.3156,73.8176,2.9506e-14,73.8176
TGO,2021 FEB 04 16:54:00,67.9738,-12.5596,430.428,14.4492,73.263,0.097923,73.2297

MRO,2021 FEB 04 18:54:00,65.5863,-42.6234,308.543,14.3917,71.1822,2.3372e-14,71.1822
TGO,2021 FEB 04 18:51:00,66.0461,-46.0607,429.7403,14.1139,70.5562,0.11574,70.4983

MRO,2021 FEB 06 12:03:00,72.3463,73.8552,310.9104,14.2142,75.6631,2.4892e-14,75.6631
TGO,2021 FEB 06 12:09:00,70.2798,77.6167,431.5712,14.5622,75.0352,0.10178,75.021

MRO,2021 FEB 06 17:39:00,71.2462,-7.0142,312.2287,14.2742,74.8806,7.1119e-15,74.8806
TGO,2021 FEB 06 18:03:00,70.6002,-8.1572,431.3733,14.5872,75.3069,0.16095,75.4552

MRO,2021 FEB 07 10:27:00,67.352,109.0519,310.0736,14.3656,71.9213,6.8553e-14,71.9213
TGO,2021 FEB 07 09:45:00,68.2974,112.6379,429.1447,13.9233,71.3118,0.13023,71.2621

MRO,2021 FEB 07 16:03:00,66.4752,27.5673,310.37,14.3847,71.2546,4.6852e-14,71.2546
TGO,2021 FEB 07 15:39:00,68.7247,27.3617,429.7857,13.9817,71.7867,0.12755,71.7419

MRO,2021 FEB 08 03:15:00,64.0546,-135.3311,307.1606,14.4275,69.4508,3.513e-14,69.4508
TGO,2021 FEB 08 02:45:00,66.7159,-133.1305,381.4161,14.0872,70.3375,175.624,105.4837

MRO,2021 FEB 09 11:03:00,69.7274,118.7315,310.7513,14.3206,73.2317,4.1864e-14,73.2317
TGO,2021 FEB 09 10:54:00,70.8381,117.0855,430.1591,14.0647,73.4132,0.12902,73.3866

MRO,2021 FEB 10 02:00:00,69.8711,-99.7575,309.9974,14.3075,73.1778,1.7169e-14,73.1778
TGO,2021 FEB 10 01:57:00,69.9944,-95.4271,382.0457,14.5478,74.0382,175.4694,101.798

MRO,2021 FEB 11 06:03:00,73.5203,-150.8089,311.9453,14.2094,75.6173,3.263e-14,75.6173
TGO,2021 FEB 11 06:09:00,72.3877,-151.8034,432.3208,14.2406,74.771,0.12747,74.7615

MRO,2021 FEB 11 11:39:00,71.9965,128.383,313.1423,14.2736,74.4938,1.1577e-14,74.4938
TGO,2021 FEB 11 12:03:00,72.9084,124.0366,431.033,14.3733,75.4821,0.12471,75.4805

MRO,2021 FEB 14 05:03:00,70.711,-106.0685,309.9739,14.3075,72.994,3.1576e-14,72.994
TGO,2021 FEB 14 04:54:00,72.9382,-110.496,432.555,13.8664,73.7388,0.147,73.7237

MRO,2021 FEB 16 00:03:00,74.467,-15.3651,312.4201,14.2131,75.4121,5.3976e-14,75.4121
TGO,2021 FEB 16 00:09:00,74.0322,-18.1307,431.9444,14.1261,74.8585,0.14108,74.859

MRO,2021 FEB 16 05:39:00,73.1462,-96.7125,311.9444,14.2414,74.356,1.3517e-14,74.356
TGO,2021 FEB 16 06:03:00,74.1614,-101.5207,432.9854,14.3103,75.3376,0.13487,75.3441

MRO,2021 FEB 20 18:03:00,75.4639,119.5633,312.8552,14.1831,75.1846,1.4575e-14,75.1846
TGO,2021 FEB 20 18:09:00,74.5532,118.4959,433.1148,14.2094,74.4951,0.1408,74.5024

