"TC20 UVIS_COP_ROW"
64
72
64
79
64
72
64
-1
64
79
64
72
64
72
64
64
72
64
79
-1
72
64
72
64
79
64
72
64
72
64
79
64
-1
64
72
64
79
72
68
64
72
72
79
72
64
-1
72
17
79
64
64
-1
64
64
79
72
64
-1
64
64
68
68
64
68
64
72
79
64
64
79
64
72
79
68
72
-1
72
68
79
72
68
79
68
68
-1
-1
68
-1
68
72
68
72
72
68
72
17
79
68
72
68
72
68
79
72
72
68
72
68
68
72
68
-1
68
72
68
72
72
68
68
72
68
68
68
79
68
68
79
68
72
79
68
72
68
72
72
68
-1
68
79
68
68
68
72
17
79
72
72
68
72
68
68
72
79
68
79
68
68
72
-1
68
68
68
68
72
79
68
68
72
68
72
-1
68
68
72
68
72
68
72
79
68
79
68
79
72
68
68
-1
68
68
72
68
17
68
72
79
68
79
72
79
72
68
72
79
68
72
72
-1
72
79
72
79
72
72
72
79
72
68
72
72
68
68
68
72
72
79
72
79
72
72
72
72
-1
79
72
72
72
79
68
79
17
79
68
79
72
79
72
72
72
79
72
79
72
-1
72
68
-1
-1
68
79
-1
79
68
79
68
79
68
68
72
79
68
79
68
68
72
68
72
68
72
68
72
79
68
-1
72
68
72
68
17
68
68
79
68
79
72
68
72
68
68
79
68
68
68
-1
68
79
72
68
72
79
72
68
72
68
68
79
68
68
72
68
68
79
68
79
68
79
-1
79
68
68
72
79
72
79
68
68
17
68
68
68
68
79
