THERMAL ORBIT NUMBER WITH LNO NADIR
1
2
5
6
9
11
14
16
18
20
22
24
27
30
32
35
38
40
42
44
46
48
50
52
55
58
61
64
66
69
71
73
75
78
80
82
84
87
89
92
94
96
98
100
103
105
107
109
111
113
116
117
119
122
125
127
129
131
134
136
139
142
144
146
148
151
153
155
157
159
161
162
165
170
173
175
180
182
184
186
190
192
194
196
198
202
204
206
208
210
212
216
218
220
222
224
226
228
230
232
234
236
238
240
242
244
248
250
252
254
258
260
262
264
266
268
270
274
276
278
280
282
284
291
293
295
297
301
303
307
309
311
313
315
319
321
323
325
327
331
333
335
337
339
341
