S/C,UTC,UVIS nadir LOS surface intercept lat (deg),UVIS nadir LOS surface intercept lon (deg),S/C altitude (km),UVIS nadir LOS surface intercept LST (h),UVIS nadir LOS surface intercept Incidence angle (deg),UVIS nadir LOS surface intercept Emission angle (deg),UVIS nadir LOS surface intercept Phase angle (deg)
MRO,2021 AUG 07 10:48:00,72.5323,-118.4717,315.3664,4.2022,73.6984,2.8801e-14,73.6984
TGO,2021 AUG 07 10:45:00,73.4469,-119.0906,433.1951,4.1122,73.5298,0.46532,73.7814

MRO,2021 AUG 07 16:24:00,74.6723,160.5483,316.2697,4.2544,72.3833,3.4145e-14,72.3833
TGO,2021 AUG 07 16:39:00,73.0631,157.547,432.9275,4.2975,73.0586,0.46911,73.3055

MRO,2021 AUG 09 00:12:00,72.7992,55.5655,313.7796,4.2083,73.4936,2.2546e-14,73.4936
TGO,2021 AUG 09 00:06:00,72.5312,57.5887,432.6636,4.2458,73.4952,0.47426,73.7472

MRO,2021 AUG 10 13:36:00,72.7805,-130.4569,315.0521,4.2103,73.4598,3.0878e-14,73.4598
TGO,2021 AUG 10 13:27:00,71.345,-126.3077,431.5022,4.3411,73.7017,0.48545,73.9566

MRO,2021 AUG 12 10:30:00,69.6657,-67.4445,313.5184,4.115,75.5059,1.0668e-14,75.5059
TGO,2021 AUG 12 10:39:00,71.0773,-71.113,433.203,4.0164,75.1054,0.85645,75.8146

MRO,2021 AUG 13 18:18:00,67.9575,-172.4508,312.7373,4.0672,76.6637,1.1577e-14,76.6637
TGO,2021 AUG 13 18:06:00,70.17,-170.6581,430.8732,3.9919,75.7048,0.49595,75.9809

MRO,2021 AUG 15 03:57:00,69.8289,57.0969,311.7215,4.1236,75.3312,2.4892e-14,75.3312
TGO,2021 AUG 14 03:57:00,67.2934,52.7375,430.0559,4.4725,75.0914,0.52113,75.362

MRO,2021 AUG 15 07:42:00,68.081,1.5644,314.215,4.0717,76.5482,2.5649e-14,76.5482
TGO,2021 AUG 15 07:27:00,68.568,4.0977,429.0287,3.9972,76.5962,0.50996,76.8814

MRO,2021 AUG 15 17:03:00,67.8922,-134.8177,312.484,4.0803,76.6116,2.5642e-14,76.6116
TGO,2021 AUG 15 17:18:00,65.4464,-133.5819,428.1336,4.4061,76.3508,0.44587,76.4843

MRO,2021 AUG 16 21:06:00,68.0361,175.4512,312.4071,4.0675,76.5721,4.3363e-14,76.5721
TGO,2021 AUG 16 20:48:00,67.1386,178.7991,430.1802,3.9986,77.4109,3.6542,81.0127

MRO,2021 AUG 18 12:24:00,62.9725,-39.5636,311.2926,3.9858,79.9455,7.1119e-15,79.9455
TGO,2021 AUG 18 12:06:00,67.2589,-42.0976,430.5475,3.525,79.4146,0.51923,79.7271

MRO,2021 AUG 18 21:45:00,62.8848,-176.1335,309.86,3.9819,80.0155,2.1866e-15,80.0155
TGO,2021 AUG 18 21:57:00,63.8796,179.8694,428.9097,3.9103,79.7867,0.54684,80.1011

MRO,2021 AUG 19 01:30:00,61.2631,128.8841,309.7224,3.9667,81.0837,2.2264e-14,81.0837
TGO,2021 AUG 19 01:54:00,61.0944,125.7614,426.7018,4.1478,80.1438,0.56609,80.4594

MRO,2021 AUG 20 05:33:00,61.18,79.4867,307.3708,3.9758,81.0727,2.1351e-14,81.0727
TGO,2021 AUG 20 05:24:00,62.9327,78.0348,427.6045,3.7331,81.2832,0.55269,81.6104

MRO,2021 AUG 20 09:18:00,59.162,24.2178,307.6953,3.9414,82.5105,3.1041e-14,82.5105
TGO,2021 AUG 20 09:21:00,59.7371,24.324,424.3703,3.9969,81.8263,0.55821,82.1207

MRO,2021 AUG 20 18:39:00,59.1825,-112.1204,305.8962,3.9528,82.4261,2.0365e-14,82.4261
TGO,2021 AUG 20 19:12:00,56.0711,-116.82,423.5374,4.175,82.8825,0.59303,83.215

MRO,2021 AUG 20 22:24:00,57.2407,-167.3558,305.7297,3.9206,83.8275,6.4323e-14,83.8275
TGO,2021 AUG 20 23:09:00,52.7011,-172.1026,423.0168,4.3342,83.6859,0.60618,84.019

MRO,2021 AUG 21 13:21:00,59.3165,-25.3141,308.6247,3.9417,82.4065,3.4293e-14,82.4065
TGO,2021 AUG 21 12:51:00,61.496,-23.3276,427.5046,3.5875,82.9775,0.56147,83.3183

MRO,2021 AUG 21 17:06:00,57.4115,-80.2348,304.6355,3.9303,83.6564,1.0183e-14,83.6564
TGO,2021 AUG 21 16:48:00,58.8164,-77.0204,426.1642,3.8525,83.2477,0.57857,83.5873

MRO,2021 AUG 22 06:12:00,55.4482,88.2515,304.4538,3.9136,84.9887,3.4256e-14,84.9887
TGO,2021 AUG 22 06:36:00,51.4185,86.3447,420.9086,4.1758,85.6024,0.6095,85.9464

MRO,2021 AUG 23 04:39:00,53.803,120.1629,304.8185,3.8925,86.1625,7.062e-14,86.1625
TGO,2021 AUG 22 04:39:00,48.9147,116.7049,419.4837,4.3017,86.0825,0.61506,86.4236

MRO,2021 AUG 23 12:09:00,49.8471,10.1462,302.705,3.8583,88.9253,1.4312e-14,88.9253
TGO,2021 AUG 23 12:06:00,46.566,14.9253,417.0719,4.1283,88.8649,0.61732,89.2169

MRO,2021 AUG 23 14:00:00,53.803,-16.4365,305.9247,3.8867,86.2012,1.1132e-14,86.2012
TGO,2021 AUG 23 14:00:00,57.2889,-21.2686,425.0934,3.5647,85.9451,0.58496,86.3044

MRO,2021 AUG 24 21:48:00,52.0478,-120.7821,301.5786,3.8828,87.3417,4.2672e-14,87.3417
TGO,2021 AUG 24 21:27:00,55.4374,-122.6267,422.9073,3.4192,88.0872,0.59228,88.4595

MRO,2021 AUG 25 01:33:00,50.1923,-175.8692,300.6563,3.8603,88.6872,7.1119e-15,88.6872
TGO,2021 AUG 25 01:24:00,51.9627,-178.0857,422.2712,3.5667,89.569,0.60558,89.943

MRO,2021 AUG 25 02:30:00,-46.0072,-10.117,255.5144,15.8353,88.4313,1.1254e-13,88.4313
TGO,2021 AUG 25 02:24:00,-48.1871,-10.3072,381.6529,15.7253,89.0112,0.49274,88.9361

MRO,2021 AUG 25 06:15:00,-44.2155,-64.9837,253.3482,15.8275,87.2121,6.4871e-14,87.2121
TGO,2021 AUG 25 06:21:00,-44.8728,-66.5485,381.4244,15.8206,87.5805,0.49829,87.509

MRO,2021 AUG 25 10:00:00,-42.0031,-119.8621,253.9957,15.8189,85.7109,3.8824e-14,85.7109
TGO,2021 AUG 25 10:18:00,-41.2186,-122.7683,380.5946,15.9172,86.0528,0.49968,85.9883

MRO,2021 AUG 25 13:45:00,-40.0518,-174.8613,254.7749,15.8025,84.3056,1.4423e-14,84.3056
TGO,2021 AUG 25 14:15:00,-37.5709,-179.3658,382.6546,15.9889,84.4126,0.49584,84.3577

MRO,2021 AUG 26 06:33:00,-46.1473,-59.6127,253.6432,15.8378,88.5413,4.498e-14,88.5413
TGO,2021 AUG 26 05:54:00,-49.7707,-56.4401,381.8092,15.4167,87.8966,0.47892,87.8081

MRO,2021 AUG 26 10:18:00,-43.9443,-114.4894,253.7441,15.8294,87.0515,2.7727e-14,87.0515
TGO,2021 AUG 26 09:51:00,-46.2385,-112.3322,379.8898,15.5353,86.277,0.48755,86.1915

MRO,2021 AUG 26 12:12:00,-37.9989,-142.724,255.6554,15.7964,82.923,5.627e-14,82.923
TGO,2021 AUG 26 11:51:00,-40.0162,-138.5578,381.1344,15.7336,83.684,0.49225,83.6128

MRO,2021 AUG 26 15:57:00,-36.2343,162.3389,255.2763,15.7839,81.6686,9.5893e-14,81.6686
TGO,2021 AUG 26 15:48:00,-36.4882,164.7163,381.7279,15.7964,81.9475,0.48738,81.8868

MRO,2021 AUG 26 19:42:00,-34.4351,107.5555,255.6349,15.7819,80.4867,3.4293e-14,80.4867
TGO,2021 AUG 26 19:45:00,-33.1872,107.8876,380.6212,15.8528,80.3684,0.479,80.3202

MRO,2021 AUG 26 23:27:00,-32.0979,52.6741,255.5181,15.7731,78.8999,1.0433e-13,78.8999
TGO,2021 AUG 26 23:42:00,-29.3595,51.1705,380.4392,15.9161,78.6091,0.46515,78.5785

MRO,2021 AUG 27 03:12:00,-30.3098,-2.2274,257.8747,15.7631,77.6551,6.7621e-14,77.6551
TGO,2021 AUG 27 03:39:00,-25.8407,-5.8572,383.4728,15.9592,76.9078,0.44865,76.8955

MRO,2021 AUG 27 05:06:00,-24.6432,-30.2723,258.6262,15.7428,73.8531,4.9682e-14,73.8531
TGO,2021 AUG 27 05:39:00,-19.7421,-33.4046,384.8118,16.0692,74.5389,0.41377,74.5633

MRO,2021 AUG 28 05:24:00,-26.5357,-24.9701,258.0544,15.7486,75.1031,1.1901e-14,75.1031
TGO,2021 AUG 28 05:12:00,-24.7558,-21.8739,383.5768,15.7603,74.1071,0.43811,74.0944

MRO,2021 AUG 28 07:18:00,-20.8122,-52.997,258.6976,15.7294,71.3203,4.2672e-14,71.3203
TGO,2021 AUG 28 07:12:00,-18.6049,-49.4314,384.6461,15.8697,71.5699,0.40279,71.5969

MRO,2021 AUG 28 11:00:00,-28.3694,-106.5965,255.8877,15.7575,76.3573,1.8271e-14,76.3573
TGO,2021 AUG 28 11:03:00,-32.5557,-110.7315,380.9113,15.5306,76.879,0.46726,76.8202

MRO,2021 AUG 28 11:03:00,-18.6896,-107.8276,258.9276,15.7242,69.9587,4.326e-14,69.9587
TGO,2021 AUG 28 11:09:00,-14.8704,-106.4987,384.8711,15.91,69.8615,0.37794,69.9134

MRO,2021 AUG 29 20:42:00,-21.1716,120.9564,259.2821,15.7292,71.5353,6.8953e-14,71.5353
TGO,2021 AUG 29 20:30:00,-25.7783,119.2901,381.1853,15.4236,71.274,0.43489,71.2446

MRO,2021 AUG 29 22:36:00,-15.3512,92.9645,260.9314,15.7125,67.8081,1.4406e-14,67.8081
TGO,2021 AUG 29 22:30:00,-19.6346,91.7314,381.8288,15.5331,68.4118,0.40278,68.4241

MRO,2021 AUG 29 22:39:00,-5.7126,91.8042,265.0746,15.6839,61.945,8.0403e-15,61.945
TGO,2021 AUG 29 22:36:00,-1.8407,95.0137,388.038,15.8492,62.0276,0.28895,62.1645

MRO,2021 AUG 30 00:27:00,-19.0167,66.132,259.2917,15.7244,70.1559,1.9083e-14,70.1559
TGO,2021 AUG 30 00:27:00,-22.1922,62.2855,380.9498,15.4681,69.3579,0.41656,69.3517

MRO,2021 AUG 30 02:21:00,-13.1247,38.1065,262.6726,15.7053,66.4067,2.915e-14,66.4067
TGO,2021 AUG 30 02:27:00,-15.9012,34.6301,383.5581,15.5708,66.5039,0.3797,66.5426

MRO,2021 AUG 31 08:18:00,-7.7663,-39.4244,264.5901,15.6883,63.1266,4.5008e-14,63.1266
TGO,2021 AUG 31 07:57:00,-12.7041,-38.9569,386.096,15.3786,62.315,0.35582,62.3735

MRO,2021 AUG 31 10:12:00,-2.0012,-67.423,266.6052,15.6711,59.802,6.2896e-14,59.802
TGO,2021 AUG 31 09:57:00,-6.5468,-66.7893,388.076,15.47,59.7414,0.31698,59.8459

MRO,2021 AUG 31 10:15:00,7.6005,-68.5652,272.1297,15.6436,54.8411,3.1526e-14,54.8411
TGO,2021 AUG 31 10:03:00,11.1869,-63.683,397.1178,15.7744,55.1223,0.23039,55.321

MRO,2021 AUG 31 12:06:00,3.8781,-95.4218,269.7874,15.6536,56.6634,5.0289e-15,56.6634
TGO,2021 AUG 31 11:57:00,-0.30591,-94.6284,390.5712,15.5606,57.5032,0.27993,57.6493

MRO,2021 AUG 31 13:57:00,0.18588,-122.2643,267.9725,15.665,58.6065,4.2672e-14,58.6065
TGO,2021 AUG 31 13:54:00,-2.9088,-123.9874,389.7576,15.5014,58.1153,0.29479,58.2449

MRO,2021 AUG 31 15:51:00,6.0261,-150.257,272.0332,15.6481,55.5988,4.0357e-14,55.5988
TGO,2021 AUG 31 15:54:00,3.2845,-151.8549,393.4488,15.5903,56.1055,0.2614,56.2721

MRO,2021 AUG 31 17:42:00,2.138,-177.1096,269.9838,15.6586,57.559,7.2876e-15,57.559
TGO,2021 AUG 31 17:51:00,0.49666,178.6974,391.8288,15.525,56.6316,0.27563,56.7826

MRO,2021 AUG 31 19:36:00,7.7691,154.9105,273.3202,15.6425,54.7555,4.498e-15,54.7555
TGO,2021 AUG 31 19:51:00,6.5058,150.7835,394.163,15.6108,54.8853,0.24704,55.0673

MRO,2021 SEP 01 23:42:00,17.3388,104.2129,277.8815,15.6136,50.7362,1.7128e-14,50.7362
TGO,2021 SEP 01 23:24:00,12.5459,106.6587,396.1972,15.4847,50.6704,0.22728,50.8734
TGO,2021 SEP 01 23:27:00,21.3629,108.3993,401.7918,15.6494,50.0374,0.21026,50.2472

MRO,2021 SEP 02 03:27:00,19.6218,49.3515,280.1994,15.6061,49.9398,3.3206e-14,49.9398
TGO,2021 SEP 02 03:21:00,16.2135,49.5111,399.3724,15.5194,49.8275,0.21853,50.0364

MRO,2021 SEP 02 07:12:00,21.3943,-5.4337,281.8133,15.6039,49.4178,1.0183e-14,49.4178
TGO,2021 SEP 02 07:18:00,19.3781,-7.7378,401.9901,15.5478,49.2183,0.21266,49.4285

MRO,2021 SEP 02 10:57:00,23.1191,-60.3107,282.0723,15.5956,48.8706,3.381e-14,48.8706
TGO,2021 SEP 02 11:15:00,22.697,-64.9834,404.5606,15.5761,48.7113,0.2076,48.9189

MRO,2021 SEP 03 15:03:00,32.7385,-111.1445,289.2349,15.5575,46.8089,5.5089e-14,46.8089
TGO,2021 SEP 03 14:48:00,28.9289,-108.6964,408.5945,15.4772,46.2102,0.19508,46.3992

MRO,2021 SEP 03 18:48:00,34.6987,-165.9582,292.1304,15.5533,46.6246,8.2019e-14,46.6246
TGO,2021 SEP 03 18:45:00,32.2853,-165.6433,411.9573,15.5256,46.4482,0.18929,46.6246

MRO,2021 SEP 03 22:33:00,36.3094,139.1905,293.4199,15.5464,46.4837,6.6412e-14,46.4837
TGO,2021 SEP 03 22:42:00,35.4004,137.3368,412.333,15.5689,46.7847,0.18311,46.9478

MRO,2021 SEP 04 13:27:00,24.7131,-77.7418,283.5903,15.5869,48.4032,1.9606e-14,48.4032
TGO,2021 SEP 04 13:39:00,25.579,-81.0794,378.2908,15.5592,47.86,175.6382,131.7339

