"TC20 UVIS_COP_ROW"
68
-1
-1
68
68
-1
-1
68
-1
68
68
-1
-1
68
-1
79
-1
-1
-1
-1
72
-1
-1
-1
-1
68
68
-1
68
68
68
68
-1
-1
-1
-1
-1
-1
-1
-1
68
-1
-1
-1
68
68
-1
68
68
68
-1
68
-1
-1
-1
-1
-1
-1
-1
-1
-1
68
-1
68
68
68
-1
-1
-1
79
-1
72
64
-1
-1
-1
-1
64
64
68
68
68
68
68
-1
-1
-1
-1
-1
64
-1
-1
-1
-1
64
-1
68
-1
68
68
68
64
68
-1
-1
-1
-1
72
-1
72
-1
-1
-1
-1
68
68
-1
64
68
-1
-1
-1
-1
-1
-1
-1
79
-1
64
-1
-1
-1
79
-1
-1
-1
68
64
68
-1
-1
-1
-1
-1
-1
72
-1
79
64
-1
-1
64
64
68
72
64
-1
-1
-1
-1
-1
64
-1
-1
-1
-1
-1
-1
-1
-1
-1
64
68
-1
64
68
-1
-1
-1
-1
-1
72
-1
79
-1
-1
-1
64
68
-1
-1
68
-1
-1
68
-1
-1
72
-1
-1
64
-1
-1
-1
-1
-1
-1
-1
-1
-1
-1
-1
64
79
-1
-1
-1
72
64
-1
-1
-1
-1
-1
-1
-1
-1
64
68
72
-1
68
72
-1
-1
-1
-1
-1
-1
-1
64
-1
-1
-1
64
-1
64
-1
-1
68
68
-1
64
68
-1
-1
-1
-1
64
-1
-1
-1
-1
-1
-1
-1
-1
-1
-1
-1
64
-1
68
-1
-1
-1
-1
-1
-1
-1
-1
72
-1
-1
-1
-1
64
-1
-1
-1
-1
-1
-1
72
-1
64
-1
-1
-1
-1
-1
-1
64
-1
-1
72
-1
-1
72
-1
-1
-1
-1
-1
64
-1
-1
72
-1
-1
-1
-1
-1
-1
-1
-1
64
68
-1
-1
-1
-1
64
-1
-1
-1
-1
-1
64
-1
-1
