"TC20 UVIS_COP_ROW"
17
95
85
79
85
95
17
85
85
85
79
79
-1
95
85
85
79
85
95
85
79
85
95
17
-1
17
79
85
85
85
85
79
95
85
17
85
79
95
85
85
79
85
95
79
85
85
85
85
79
79
85
85
85
85
95
79
85
95
85
17
79
85
-1
17
85
85
95
85
85
85
81
64
79
81
95
81
79
81
95
79
81
95
85
85
85
85
85
85
85
79
81
95
79
81
95
17
79
81
95
81
85
85
81
85
85
85
79
81
81
95
81
17
81
79
81
95
79
81
85
85
81
85
85
95
81
81
79
81
95
79
81
95
68
79
85
81
85
85
17
85
85
81
85
17
95
79
95
81
79
81
81
95
79
81
85
81
81
85
95
81
85
-1
17
79
95
81
81
17
81
79
-1
85
85
95
85
85
-1
79
95
81
79
81
95
17
79
81
95
81
81
79
81
17
85
95
79
95
79
81
95
81
79
81
95
79
81
81
95
81
17
81
79
81
81
85
95
17
81
79
81
85
95
81
81
79
72
81
95
81
81
17
81
81
79
95
81
79
95
81
85
17
79
85
95
81
79
95
81
81
79
17
95
81
85
81
85
-1
-1
81
79
81
95
-1
79
17
95
81
81
79
85
81
95
81
81
-1
17
79
85
95
81
85
79
81
17
95
81
79
81
17
81
81
95
81
79
95
79
95
81
81
79
79
-1
17
81
81
95
79
81
95
17
79
81
17
81
81
95
81
79
95
81
79
95
81
79
81
95
81
79
81
81
17
95
79
95
81
81
17
79
81
95
81
