THERMAL ORBIT NUMBER WITH LNO NADIR
1
2
4
6
8
10
12
15
16
18
21
22
24
26
27
29
30
32
34
36
38
39
41
43
44
46
47
50
52
53
55
56
58
60
62
65
68
69
71
73
74
76
77
79
80
82
84
86
88
90
92
93
95
96
98
99
102
103
106
108
111
112
115
117
118
119
121
123
124
126
128
129
131
134
135
137
140
142
143
146
148
149
152
154
157
158
160
163
164
166
169
171
173
174
176
177
180
181
183
185
186
188
191
192
194
197
198
200
201
204
206
207
210
212
214
215
217
220
222
223
226
228
229
232
234
236
238
240
242
244
246
248
250
252
253
255
257
259
261
264
266
268
271
272
274
277
278
280
283
285
286
289
291
292
295
297
300
301
303
306
307
309
312
314
315
318
320
321
323
324
327
330
331
333
336
337
339
341
