"TC20 UVIS_COP_ROW"
-1
89
-1
85
89
-1
-1
-1
-1
95
-1
-1
-1
-1
-1
64
-1
-1
-1
89
89
-1
-1
-1
64
-1
-1
-1
-1
-1
-1
-1
-1
-1
-1
-1
85
89
89
85
89
89
85
-1
-1
-1
89
89
-1
64
-1
-1
-1
-1
-1
89
89
95
-1
89
95
89
64
-1
-1
-1
-1
-1
-1
-1
89
-1
-1
-1
64
85
89
89
85
89
-1
-1
-1
89
-1
-1
-1
-1
-1
-1
-1
-1
89
95
89
-1
-1
85
64
-1
-1
-1
-1
-1
-1
-1
-1
-1
-1
-1
-1
-1
89
-1
89
-1
-1
-1
-1
-1
-1
-1
-1
64
-1
-1
-1
-1
-1
-1
89
-1
-1
-1
-1
95
-1
-1
-1
-1
-1
-1
-1
-1
-1
-1
-1
-1
-1
89
-1
-1
89
-1
-1
-1
-1
-1
-1
-1
-1
-1
-1
-1
-1
-1
-1
-1
-1
-1
-1
-1
-1
-1
89
-1
-1
-1
-1
-1
-1
-1
-1
-1
-1
-1
-1
-1
-1
-1
-1
-1
89
-1
-1
-1
-1
-1
95
-1
-1
-1
-1
-1
-1
-1
-1
-1
-1
89
-1
-1
-1
-1
89
85
-1
-1
-1
-1
-1
89
-1
-1
89
-1
-1
-1
-1
-1
-1
85
89
-1
85
-1
89
95
89
85
-1
-1
-1
-1
-1
-1
-1
-1
-1
-1
-1
89
-1
85
85
-1
-1
89
-1
-1
-1
-1
-1
89
-1
-1
89
-1
-1
-1
95
89
85
85
89
85
85
-1
-1
95
89
89
-1
85
-1
-1
-1
-1
-1
89
89
-1
85
89
95
-1
85
-1
-1
-1
-1
-1
-1
95
-1
85
-1
-1
85
85
89
-1
85
89
-1
-1
-1
-1
95
-1
89
85
89
-1
-1
-1
-1
-1
-1
85
85
85
89
95
-1
89
-1
-1
-1
85
-1
