MRO time overlap (UTC),MRO subSC lat (deg),MRO subSC lon (deg),MRO S/C altitude (km),MRO LST (h),MRO Incidence angle (deg),MRO Emission angle (deg),MRO Phase angle (deg),TGO time overlap (UTC),UVIS nadir LOS surface intercept lat (deg),UVIS nadir LOS surface intercept lon (deg),TGO S/C altitude (km),UVIS nadir LOS surface intercept LST (h),UVIS nadir LOS surface intercept Incidence angle (deg),UVIS nadir LOS surface intercept Emission angle (deg),UVIS nadir LOS surface intercept Phase angle (deg)
2020 NOV 01 14:03:00,-75.1896,7.0024,251.642,1.9333,83.0158,4.1857e-14,83.0158,2020 NOV 01 14:30:00,-74.6396,2.6723,381.0241,2.0825,83.224,0.33333,83.5213
2020 NOV 07 15:51:00,-74.7049,38.7155,250.9508,1.9175,84.4647,1.4662e-14,84.4647,2020 NOV 07 15:57:00,-73.6824,40.5221,381.4628,2.1353,84.9298,0.33658,85.2341
2020 NOV 11 22:39:00,-72.8495,-20.4631,250.6372,2.0044,86.6562,3.8431e-14,86.6562,2020 NOV 11 22:09:00,-72.5783,-16.4455,379.7823,1.7856,87.3286,0.35564,87.6497
2020 NOV 12 04:15:00,-71.339,-101.8323,250.5613,2.0292,87.956,2.642e-14,87.956,2020 NOV 12 04:03:00,-72.1832,-101.6352,381.7593,1.8475,87.6027,0.35408,87.3688
2020 NOV 14 04:51:00,-71.1735,-91.0869,250.3878,2.0378,88.4357,3.1806e-14,88.4357,2020 NOV 14 05:12:00,-69.8914,-95.1977,381.354,2.1044,89.3829,0.35909,89.7188
2020 NOV 15 04:12:00,68.8231,109.125,311.375,14.1072,89.5389,1.8149e-14,89.5389,2020 NOV 15 03:48:00,69.8783,111.5659,430.8955,13.8808,89.8981,0.1474,89.8533
2020 NOV 16 21:18:00,64.991,-129.7551,307.7238,14.1769,86.1652,4.5204e-14,86.1652,2020 NOV 16 21:06:00,65.8767,-125.7885,429.0777,14.2467,87.1411,0.12282,87.0774
2020 NOV 18 14:24:00,60.8437,-8.5057,307.9266,14.2556,82.6377,3.1845e-14,82.6377,2020 NOV 18 14:24:00,60.9802,-6.2319,427.2608,14.4069,83.3557,0.11486,83.2694
2020 NOV 19 18:27:00,62.7069,-58.4609,309.146,14.2214,83.866,2.9538e-14,83.866,2020 NOV 19 17:54:00,62.828,-54.1537,430.1671,13.9733,83.1257,0.1414,83.0343
2020 NOV 20 00:03:00,61.552,-140.033,307.5924,14.2328,82.8936,1.9606e-14,82.8936,2020 NOV 19 23:48:00,62.1306,-139.7817,427.7365,14.0064,82.5821,0.13995,82.4877
2020 NOV 20 01:54:00,57.9133,-166.2747,307.2237,14.2836,80.0406,2.163e-14,80.0406,2020 NOV 20 01:48:00,56.731,-162.1766,426.0918,14.4594,79.871,2.6073,77.7406
2020 NOV 20 07:30:00,56.1535,112.2204,305.1839,14.2994,78.6077,4.5871e-14,78.6077,2020 NOV 20 07:42:00,56.1164,110.8018,425.1925,14.3997,79.0432,0.1218,78.9366
2020 NOV 22 21:09:00,50.1701,-66.9574,300.3393,14.3486,73.4814,6.9972e-14,73.4814,2020 NOV 22 20:39:00,51.0256,-62.9126,424.087,14.1317,73.0567,0.1446,72.9261
2020 NOV 23 02:45:00,49.076,-148.5669,299.9369,14.3578,72.6016,1.9347e-14,72.6016,2020 NOV 23 02:33:00,50.0896,-149.0419,422.4979,14.1314,72.2207,0.14497,72.0888
2020 NOV 23 10:12:00,43.701,103.2086,295.7793,14.3928,68.4402,1.4312e-14,68.4402,2020 NOV 23 10:27:00,43.7392,98.4234,418.0615,14.3169,67.9806,0.12916,67.8571
2020 NOV 24 14:12:00,36.717,55.0439,291.8437,14.43,63.0378,4.5427e-14,63.0378,2020 NOV 24 14:00:00,37.1221,55.809,412.5692,14.2864,62.2805,0.115,62.1718
2020 NOV 24 16:00:00,23.6038,29.6573,283.067,14.4894,53.883,3.947e-14,53.883,2020 NOV 24 16:03:00,22.3023,31.1112,402.8881,14.635,54.4773,0.057491,54.4688
2020 NOV 24 17:51:00,19.8029,2.8851,279.9619,14.505,51.4378,3.5898e-14,51.4378,2020 NOV 24 18:03:00,16.2598,3.4657,400.4771,14.7383,51.7793,0.29078,52.0662
2020 NOV 24 19:48:00,35.0499,-26.4977,290.6058,14.4436,61.8299,4.498e-14,61.8299,2020 NOV 24 19:54:00,36.3659,-30.8851,414.986,14.2486,61.3614,0.11188,61.256
2020 NOV 24 21:36:00,21.7754,-51.9906,280.441,14.4958,52.6547,2.4841e-14,52.6547,2020 NOV 24 21:57:00,21.7506,-55.6792,405.3026,14.5906,53.6146,0.06135,53.6087
2020 NOV 24 23:27:00,18.142,-78.832,277.5397,14.5069,50.3318,3.0548e-14,50.3318,2020 NOV 24 23:57:00,15.5877,-83.4555,400.7856,14.6853,50.7321,2.0173,52.58
2020 NOV 25 21:51:00,12.2477,-45.4941,273.5583,14.5283,46.7955,2.4013e-14,46.7955,2020 NOV 25 21:36:00,9.7075,-40.6231,397.9053,14.6097,46.3421,0.87582,47.1854
2020 NOV 25 23:42:00,8.5881,-72.3435,270.6787,14.5386,44.8369,7.1119e-15,44.8369,2020 NOV 25 23:36:00,3.6069,-68.38,394.5056,14.7056,44.5125,0.89806,45.3947
2020 NOV 25 23:45:00,18.1658,-73.5647,277.3842,14.5058,50.2081,2.0612e-14,50.2081,2020 NOV 25 23:30:00,21.1653,-71.9717,404.5967,14.3689,50.7933,0.22715,50.9928
2020 NOV 26 03:27:00,11.0899,-127.2081,272.6088,14.5303,46.1213,1.8062e-14,46.1213,2020 NOV 26 03:30:00,8.7492,-127.154,396.2735,14.5825,45.4596,0.17638,45.5534
2020 NOV 26 05:18:00,7.4728,-154.0304,271.0689,14.5425,44.2657,1.1901e-14,44.2657,2020 NOV 26 05:30:00,2.5731,-154.8959,393.4859,14.6794,43.683,0.12089,43.6565
2020 NOV 26 05:21:00,17.0477,-155.2415,277.5845,14.5106,49.5083,1.4224e-14,49.5083,2020 NOV 26 05:24:00,20.1273,-158.5203,403.6221,14.3406,49.7508,0.076969,49.7486
2020 NOV 26 07:12:00,13.3143,177.9449,275.3377,14.5233,47.3284,1.4423e-14,47.3284,2020 NOV 26 07:24:00,14.0751,173.8177,399.8388,14.4428,46.8589,0.12045,46.9087
2020 NOV 27 09:18:00,0.23546,157.5644,266.5059,14.5644,41.0444,1.2724e-14,41.0444,2020 NOV 27 09:00:00,4.6887,159.312,394.3515,14.3889,40.7502,0.18995,40.6073
2020 NOV 27 11:09:00,-3.5715,130.7504,264.0962,14.5772,39.7851,2.8459e-14,39.7851,2020 NOV 27 11:00:00,-1.3793,131.4852,390.5437,14.4803,39.2324,0.2944,39.3869
2020 NOV 27 13:00:00,-7.2615,103.9406,261.6831,14.5903,38.8478,7.9514e-15,38.8478,2020 NOV 27 13:00:00,-7.5528,103.628,387.0054,14.5694,38.4719,1.1715,39.6209
2020 NOV 27 14:51:00,-10.7843,77.1198,259.7303,14.6025,38.2203,1.8614e-14,38.2203,2020 NOV 27 15:00:00,-13.8668,75.8332,384.1157,14.6628,38.6098,2.4385,41.0339
2020 NOV 27 14:54:00,-1.1477,75.9079,264.464,14.5703,40.5628,2.5643e-14,40.5628,2020 NOV 27 14:54:00,3.834,72.5026,391.6155,14.3433,39.7074,1.1487,40.8227
2020 NOV 27 16:42:00,-14.2466,50.2895,258.7185,14.6142,37.8654,1.6295e-14,37.8654,2020 NOV 27 16:57:00,-11.3668,46.3178,385.5173,14.5928,37.9713,3.1877,41.1552
2020 NOV 28 18:51:00,-17.6309,28.7241,258.2339,14.6253,37.8084,1.5581e-14,37.8084,2020 NOV 28 18:33:00,-20.808,32.2782,383.0705,14.5703,37.0599,0.48091,37.1975
2020 NOV 28 20:39:00,-31.1677,3.2164,254.8198,14.6764,40.1047,2.0131e-14,40.1047,2020 NOV 28 20:33:00,-26.8232,4.8174,382.609,14.6858,39.3002,0.51568,39.4034
2020 NOV 28 22:30:00,-35.0444,-23.5339,253.7318,14.6933,41.4501,6.5569e-14,41.4501,2020 NOV 28 22:33:00,-32.7945,-22.4452,382.3349,14.8147,42.2286,0.53847,42.2973
2020 NOV 28 22:33:00,-25.3477,-24.879,255.7402,14.6525,38.6351,5.5999e-14,38.6351,2020 NOV 28 22:30:00,-24.0132,-24.8879,383.9149,14.6031,37.7962,0.50062,37.915
