THERMAL ORBIT NUMBER WITH LNO NADIR
1
5
7
10
12
15
19
21
23
25
27
30
33
35
38
40
42
45
47
49
51
53
55
57
60
63
66
67
69
73
75
80
83
87
88
90
92
94
97
99
101
103
105
108
110
113
115
117
119
121
123
125
127
129
131
133
135
138
140
143
146
147
150
151
153
157
159
161
165
167
169
172
176
178
180
184
186
188
192
194
196
200
201
211
212
216
218
220
224
226
228
232
234
236
240
242
244
248
250
252
254
258
262
264
266
270
272
274
278
280
282
286
288
290
294
296
298
302
304
306
310
312
318
320
322
326
328
330
332
333
335
338
339
341
