THERMAL ORBIT NUMBER WITH LNO NADIR
1
2
4
6
9
10
12
14
16
18
19
21
23
24
27
28
31
32
34
36
39
40
43
44
46
48
49
51
53
54
56
58
60
61
63
64
67
68
71
72
74
76
78
79
81
83
85
87
89
91
92
94
96
98
99
101
103
104
106
108
110
111
113
115
117
119
121
122
124
126
128
129
131
133
135
138
139
141
143
144
146
147
149
151
153
154
156
158
159
160
162
164
165
168
169
171
173
175
177
179
180
183
184
186
188
190
192
194
196
198
200
201
204
205
207
209
210
212
214
216
218
220
222
224
226
228
230
232
234
236
238
240
242
244
246
248
250
252
254
256
258
260
262
264
266
268
270
272
274
276
278
280
282
284
286
288
290
292
294
296
298
300
302
304
306
308
310
312
314
316
318
320
322
324
326
328
330
332
334
336
338
