S/C,UTC,UVIS nadir LOS surface intercept lat (deg),UVIS nadir LOS surface intercept lon (deg),S/C altitude (km),UVIS nadir LOS surface intercept LST (h),UVIS nadir LOS surface intercept Incidence angle (deg),UVIS nadir LOS surface intercept Emission angle (deg),UVIS nadir LOS surface intercept Phase angle (deg)
MRO,2021 FEB 20 17:54:00,75.4391,121.8193,313.2385,14.1875,75.1746,2.9879e-14,75.1746
TGO,2021 FEB 20 18:09:00,74.5532,118.496,433.1148,14.2094,74.4952,0.1408,74.5024

MRO,2021 FEB 21 20:03:00,73.9499,101.0529,311.9393,14.2594,73.9004,6.3735e-15,73.9004
TGO,2021 FEB 21 19:42:00,74.5047,104.2023,432.2692,14.1286,74.0591,0.14339,74.0638

MRO,2021 FEB 22 01:39:00,73.2796,19.7491,313.0533,14.2906,73.3903,1.4423e-14,73.3903
TGO,2021 FEB 22 01:36:00,74.5397,19.4596,432.5327,14.2225,74.2458,0.14009,74.2533

MRO,2021 FEB 24 00:21:00,71.5293,58.673,309.8966,14.3464,71.755,1.0183e-14,71.755
TGO,2021 FEB 25 00:21:00,74.3613,60.724,432.3079,13.8467,72.7051,0.15364,72.702

MRO,2021 FEB 25 00:39:00,73.7732,62.6837,310.3097,14.2692,73.1335,1.2821e-14,73.1335
TGO,2021 FEB 25 00:21:00,74.3613,60.724,432.3079,13.8467,72.7051,0.15364,72.702

MRO,2021 FEB 25 06:15:00,72.898,-18.0842,311.1228,14.3361,72.5567,8.5639e-15,72.5567
TGO,2021 FEB 25 06:15:00,74.2517,-22.3342,431.0117,14.0528,72.9843,0.14447,72.9852

MRO,2021 FEB 25 09:54:00,56.3946,-66.7451,303.2124,14.6453,61.5576,1.0183e-14,61.5576
TGO,2021 FEB 26 09:45:00,59.9485,-61.8767,433.2738,14.1872,61.571,73.5533,112.9254

MRO,2021 FEB 28 20:12:00,73.8666,166.5688,313.52,14.3167,72.5558,1.7201e-14,72.5558
TGO,2021 FEB 28 20:45:00,71.8335,163.6529,432.2941,14.6575,71.9434,0.1044,71.9453

MRO,2021 MAR 01 22:21:00,72.6678,145.5122,312.8229,14.3692,71.5272,1.5003e-14,71.5272
TGO,2021 MAR 01 22:18:00,71.6621,149.1725,432.6462,14.5647,71.3185,1.9746,69.3492

MRO,2021 MAR 02 03:57:00,71.8193,63.8871,309.6124,14.3792,70.8441,1.7128e-14,70.8441
TGO,2021 MAR 02 04:12:00,71.1971,63.2344,432.065,14.5789,70.9669,0.10317,70.962

MRO,2021 MAR 02 09:33:00,70.9479,-17.035,310.3922,14.4358,70.2898,1.3114e-14,70.2898
TGO,2021 MAR 02 10:06:00,70.5216,-20.911,430.8499,14.7128,70.8624,0.092839,70.8582

MRO,2021 MAR 03 06:06:00,70.7438,42.7741,311.0832,14.4281,69.9399,1.778e-14,69.9399
TGO,2021 MAR 03 05:45:00,70.6475,47.7618,431.9675,14.4197,69.8433,2.6227,72.4548

MRO,2021 MAR 03 11:42:00,69.5734,-38.1849,310.4608,14.4822,69.1743,9.1354e-15,69.1743
TGO,2021 MAR 03 11:39:00,70.1896,-36.1572,432.1747,14.5686,69.9256,0.097238,69.914

MRO,2021 MAR 05 10:24:00,67.9627,0.64337,309.8218,14.5322,67.7618,1.5903e-14,67.7618
TGO,2021 MAR 05 10:51:00,65.5168,1.2796,428.9162,15.0128,68.0713,0.047125,68.0561
TGO,2021 MAR 06 10:24:00,69.5688,3.9087,429.9325,14.1136,67.435,0.11793,67.403

MRO,2021 MAR 05 16:00:00,66.8017,-80.9508,308.9187,14.5442,66.9022,8.996e-15,66.9022
TGO,2021 MAR 05 16:45:00,64.878,-85.0607,430.6651,15.0003,67.5545,1.609,69.1516

MRO,2021 MAR 06 03:09:00,55.5269,118.7925,303.2756,14.7147,59.7931,3.0837e-14,59.7931
TGO,2021 MAR 06 02:36:00,56.554,123.3143,427.8433,14.4808,59.0855,53.9423,112.9255

MRO,2021 MAR 06 18:09:00,65.8121,-102.4688,307.6649,14.5664,66.0551,6.0394e-14,66.0551
TGO,2021 MAR 06 18:18:00,64.5328,-100.2603,429.6456,14.8594,66.4557,0.0522,66.429

MRO,2021 MAR 06 23:45:00,65.0419,176.2325,309.4504,14.5978,65.5851,5.6984e-14,65.5851
TGO,2021 MAR 07 00:12:00,63.6996,174.4612,430.0699,14.9178,66.1404,0.58297,65.563
TGO,2021 MAR 07 23:45:00,67.9477,178.4121,431.3476,14.1067,65.7889,0.1128,65.7462

MRO,2021 MAR 07 18:27:00,68.1655,-97.9367,308.9768,14.5242,67.4302,2.3104e-14,67.4302
TGO,2021 MAR 07 17:51:00,68.8864,-96.2145,431.7873,14.0547,66.4453,2.9005,63.6788

MRO,2021 MAR 08 01:54:00,63.8318,154.8399,309.3585,14.6283,64.6474,1.8062e-14,64.6474
TGO,2021 MAR 08 01:45:00,63.165,158.7725,429.0828,14.7444,64.7315,0.52318,64.2204

MRO,2021 MAR 08 07:30:00,62.8652,73.1316,306.036,14.6325,63.9394,1.778e-14,63.9394
TGO,2021 MAR 08 07:39:00,62.7006,72.5909,428.7483,14.7425,64.3584,0.11816,64.2707

MRO,2021 MAR 08 13:06:00,62.0086,-8.1758,307.3273,14.6636,63.4469,7.7907e-15,63.4469
TGO,2021 MAR 08 13:33:00,61.8349,-12.7673,428.5002,14.7956,63.9959,1.5136,62.5658

MRO,2021 MAR 09 15:15:00,60.4774,-29.5972,306.1343,14.6922,62.3365,2.1336e-14,62.3365
TGO,2021 MAR 09 15:06:00,61.2804,-28.8959,428.9576,14.5928,62.3806,0.064361,62.3286

MRO,2021 MAR 09 20:51:00,59.6026,-111.4225,305.2289,14.6886,61.6792,1.1468e-14,61.6792
TGO,2021 MAR 09 21:00:00,60.7566,-114.901,427.4755,14.6028,62.0171,0.27005,61.7577

MRO,2021 MAR 10 23:00:00,58.5094,-132.9184,303.5773,14.7122,60.8772,5.9076e-14,60.8772
TGO,2021 MAR 10 22:33:00,60.196,-130.6171,427.1404,14.4275,60.5284,0.076224,60.4641

MRO,2021 MAR 11 04:36:00,57.4212,145.6276,305.6335,14.7336,60.2394,1.7128e-14,60.2394
TGO,2021 MAR 11 04:27:00,59.4529,143.3554,427.4594,14.4361,59.9842,0.91301,59.1254

MRO,2021 MAR 11 06:27:00,53.8715,119.1166,302.1984,14.7669,58.1558,6.2082e-14,58.1558
TGO,2021 MAR 11 06:27:00,54.0242,119.2383,424.6009,14.7753,58.307,0.054144,58.254

MRO,2021 MAR 11 08:18:00,50.4442,92.5016,298.7262,14.7936,56.224,1.8149e-14,56.224
TGO,2021 MAR 11 08:27:00,48.3817,94.2374,421.1785,15.0556,57.1482,0.88057,56.3425

MRO,2021 MAR 11 12:03:00,53.3288,37.4117,302.4015,14.7717,57.8057,1.5903e-14,57.8057
TGO,2021 MAR 11 12:21:00,53.1183,33.2156,422.3739,14.7839,57.758,0.054803,57.7057
TGO,2021 MAR 12 11:54:00,58.3072,41.6506,425.7322,14.2719,58.0519,1.4761,56.7866

MRO,2021 MAR 11 13:54:00,49.8078,10.9376,300.0076,14.8075,55.9113,1.5108e-14,55.9113
TGO,2021 MAR 11 14:21:00,47.3857,8.1982,419.8714,15.0631,56.6516,2.436,54.3231

MRO,2021 MAR 12 12:21:00,55.7377,42.3104,303.407,14.7539,59.0363,3.6124e-14,59.0363
TGO,2021 MAR 12 11:54:00,58.3072,41.6506,425.7322,14.2719,58.0519,1.4761,56.7866

MRO,2021 MAR 12 16:03:00,48.6683,-10.6409,298.4936,14.8258,55.2052,3.6412e-14,55.2052
TGO,2021 MAR 12 15:54:00,46.8391,-8.3565,420.892,14.8319,54.2142,0.057857,54.174

MRO,2021 MAR 12 17:54:00,45.0722,-37.303,295.6238,14.8492,53.3728,2.8625e-14,53.3728
TGO,2021 MAR 12 17:54:00,41.1179,-34.3838,418.3132,15.0439,53.2133,1.7869,51.4666

MRO,2021 MAR 12 19:48:00,51.0452,-65.7491,299.6534,14.8025,56.4005,2.642e-14,56.4005
TGO,2021 MAR 12 19:48:00,52.1186,-68.7597,424.7415,14.6017,55.6271,3.652,52.2768

MRO,2021 MAR 12 21:39:00,47.6646,-92.4329,297.3196,14.8244,54.58,9.1029e-15,54.58
TGO,2021 MAR 12 21:48:00,46.2224,-94.8507,420.3048,14.8092,53.6356,0.058262,53.5955

MRO,2021 MAR 12 23:30:00,44.3369,-119.0897,294.4948,14.8483,52.9312,8.171e-14,52.9312
TGO,2021 MAR 12 23:48:00,40.231,-121.0532,416.0964,15.0094,52.4227,0.059711,52.4188

MRO,2021 MAR 13 21:54:00,40.3929,-85.7163,292.977,14.8794,51.0622,9.0086e-14,51.0622
TGO,2021 MAR 13 21:24:00,43.1265,-80.7816,418.8465,14.7217,50.9851,0.45333,50.5445

MRO,2021 MAR 13 23:45:00,37.0505,-112.4581,290.1186,14.8975,49.675,5.0087e-14,49.675
TGO,2021 MAR 13 23:24:00,36.9632,-107.9198,414.2138,14.8594,49.2308,4.3594,53.5572

MRO,2021 MAR 14 01:36:00,33.6595,-139.1809,288.0375,14.9169,48.4421,8.3909e-14,48.4421
TGO,2021 MAR 14 01:24:00,31.0103,-134.3146,410.4639,15.0467,48.986,0.066294,49.0343

MRO,2021 MAR 14 01:39:00,43.1704,-140.6585,294.9291,14.8669,52.3202,3.7227e-14,52.3202
TGO,2021 MAR 14 01:18:00,48.0222,-141.1095,421.3088,14.4964,51.9999,0.069473,51.9334

MRO,2021 MAR 14 03:30:00,39.6552,-167.3323,293.6428,14.8897,50.7772,2.2093e-14,50.7772
TGO,2021 MAR 14 03:18:00,42.0877,-167.1322,418.3321,14.7083,50.2587,0.64813,49.7505

MRO,2021 MAR 14 05:21:00,36.0463,165.9433,291.4282,14.9092,49.3281,2.5642e-14,49.3281
TGO,2021 MAR 14 05:18:00,36.0242,165.3599,414.1112,14.8217,48.3683,5.2915,53.617

MRO,2021 MAR 14 07:12:00,32.4069,139.1818,288.2971,14.9258,48.0282,7.4455e-14,48.0282
TGO,2021 MAR 14 07:18:00,30.3298,138.9234,409.9003,15.0061,48.2368,0.065618,48.2871

MRO,2021 MAR 14 09:06:00,38.3454,111.0002,291.6159,14.8969,50.2019,3.2435e-14,50.2019
TGO,2021 MAR 14 09:12:00,41.5988,106.2672,417.1212,14.6786,49.6777,1.2941,48.4899

MRO,2021 MAR 14 10:57:00,34.9209,84.2209,288.1591,14.9125,48.8577,1.4597e-14,48.8577
TGO,2021 MAR 14 11:12:00,35.593,79.4401,412.5713,14.8372,48.3129,0.052377,48.3217

MRO,2021 MAR 15 11:12:00,27.5657,90.7087,282.8633,14.9522,46.5568,2.6991e-14,46.5568
TGO,2021 MAR 15 10:48:00,32.4012,93.2122,410.474,14.7297,45.6117,1.6276,44.0411

MRO,2021 MAR 15 13:00:00,14.7111,65.1544,273.9067,15.0008,44.7184,2.8625e-14,44.7184
TGO,2021 MAR 15 12:51:00,17.4637,67.9023,399.6646,15.0381,45.5345,0.13181,45.6592

MRO,2021 MAR 15 13:03:00,24.2741,63.8935,280.8157,14.9653,45.8125,1.8271e-14,45.8125
TGO,2021 MAR 15 12:48:00,26.1999,65.8328,405.4026,14.8514,44.8549,0.072324,44.9242

MRO,2021 MAR 15 14:54:00,20.8922,37.1044,279.5092,14.9803,45.2654,2.7727e-14,45.2654
TGO,2021 MAR 15 14:48:00,20.0009,38.6285,401.3009,14.9847,45.1618,1.9846,43.1772

MRO,2021 MAR 15 16:45:00,17.2995,10.3188,276.9875,14.9956,44.9044,6.1837e-14,44.9044
TGO,2021 MAR 15 16:48:00,13.8839,10.7402,398.8357,15.0725,45.692,0.15957,45.8313

MRO,2021 MAR 15 18:36:00,13.6428,-16.4967,273.7858,15.0089,44.7514,4.1743e-14,44.7514
TGO,2021 MAR 15 18:45:00,16.7489,-18.274,401.8216,15.0364,45.4146,4.9805,40.437

MRO,2021 MAR 15 20:30:00,19.6089,-44.5601,277.3779,14.9875,45.1199,5.0087e-14,45.1199
TGO,2021 MAR 15 20:42:00,19.4514,-48.1017,404.0365,14.9461,44.5164,2.6304,41.8878

MRO,2021 MAR 15 22:21:00,16.1183,-71.4132,274.56,14.9983,44.7948,3.0005e-14,44.7948
TGO,2021 MAR 15 22:42:00,13.257,-76.1881,399.8271,15.0208,44.8963,1.7073,46.538

MRO,2021 MAR 16 22:30:00,-10.2683,-62.6448,258.9706,15.0928,49.5752,2.0365e-14,49.5752
TGO,2021 MAR 16 22:24:00,-7.6196,-59.5274,389.3472,15.2031,50.2999,1.5371,51.5128

MRO,2021 MAR 16 22:33:00,-0.62906,-63.8448,263.7431,15.0614,46.5303,2.5686e-14,46.5303
TGO,2021 MAR 16 22:21:00,1.2068,-61.2527,393.293,15.0394,45.874,1.6521,47.3491

MRO,2021 MAR 17 00:27:00,5.5775,-91.8909,267.2224,15.0414,45.3361,1.5788e-14,45.3361
TGO,2021 MAR 17 00:18:00,3.909,-90.2761,393.8844,15.0028,44.9432,2.4777,42.5782

MRO,2021 MAR 17 04:06:00,-10.8408,-144.3624,259.5959,15.0964,49.8383,3.2435e-14,49.8383
TGO,2021 MAR 17 04:18:00,-8.6397,-145.9044,388.3689,15.1883,50.4072,0.73881,49.6686

MRO,2021 MAR 17 04:09:00,-1.2045,-145.5653,264.2587,15.065,46.7044,3.1868e-14,46.7044
TGO,2021 MAR 17 04:15:00,0.1991,-147.5503,392.2225,15.03,45.915,1.4137,44.5151

MRO,2021 MAR 17 06:00:00,-4.758,-172.4134,262.5851,15.0761,47.701,1.8494e-14,47.701
TGO,2021 MAR 17 06:15:00,-5.9993,-175.8087,389.905,15.0931,48.2818,3.2672,51.0522

MRO,2021 MAR 17 07:54:00,1.2289,159.5628,265.7849,15.0575,46.1422,1.4362e-14,46.1422
TGO,2021 MAR 17 08:12:00,-3.1725,154.856,390.6841,15.0356,46.7218,1.402,47.8975

MRO,2021 MAR 18 08:03:00,-25.2457,168.3564,254.0913,15.1533,56.8403,3.6124e-14,56.8403
TGO,2021 MAR 18 07:54:00,-24.1514,171.8697,384.0522,15.2417,57.359,1.7071,58.4329

MRO,2021 MAR 18 08:06:00,-15.5664,167.1072,257.3986,15.1189,52.0118,1.5336e-14,52.0118
TGO,2021 MAR 18 07:51:00,-15.3391,169.7808,386.2626,15.0536,51.0576,2.2523,52.7443

MRO,2021 MAR 18 10:00:00,-9.5901,139.0863,259.8811,15.1003,49.5532,1.4575e-14,49.5532
TGO,2021 MAR 18 09:48:00,-12.5221,140.419,386.2156,14.9944,49.15,0.38028,49.2431

MRO,2021 MAR 18 13:39:00,-26.3036,86.7528,253.0712,15.1647,57.5306,2.6527e-14,57.5306
TGO,2021 MAR 18 13:48:00,-24.9261,85.3171,380.9047,15.215,57.4401,0.46355,57.463

MRO,2021 MAR 18 15:36:00,-10.2699,57.4076,258.7862,15.1067,49.8863,4.0855e-14,49.8863
TGO,2021 MAR 18 15:42:00,-13.6492,53.5284,384.3996,14.9453,48.9572,3.1164,51.3902

MRO,2021 MAR 19 17:39:00,-30.9021,38.2736,252.8909,15.1906,60.3693,8.996e-15,60.3693
TGO,2021 MAR 19 17:21:00,-31.7949,41.8991,380.7754,15.1403,60.3156,0.48956,60.2962

MRO,2021 MAR 19 19:33:00,-24.8786,10.1514,255.389,15.1653,56.9705,3.6124e-14,56.9705
TGO,2021 MAR 19 19:18:00,-29.0247,12.1936,381.8772,15.0581,57.9143,0.3749,57.6106

MRO,2021 MAR 19 21:18:00,-48.0329,-13.6554,251.5765,15.2819,71.1729,7.1119e-15,71.1729
TGO,2021 MAR 19 21:21:00,-43.6598,-11.6006,380.7554,15.4675,70.1794,0.51745,70.1383

MRO,2021 MAR 19 23:12:00,-41.9802,-41.9556,251.0374,15.2447,67.2312,4.1225e-14,67.2312
TGO,2021 MAR 19 23:18:00,-40.9852,-41.7812,381.4248,15.3536,67.6469,0.51343,67.6045

MRO,2021 MAR 20 01:09:00,-26.1013,-71.5228,252.6934,15.1719,57.6885,5.2068e-14,57.6885
TGO,2021 MAR 20 01:12:00,-29.6809,-74.5615,382.4419,15.0181,57.8742,0.40163,57.5231

