"TC20 UVIS_COP_ROW"
68
-1
-1
79
68
68
79
68
68
68
68
-1
79
-1
-1
68
72
-1
-1
-1
-1
68
68
68
79
68
68
79
72
-1
-1
68
-1
-1
-1
68
-1
-1
68
68
68
68
79
68
68
-1
68
-1
-1
72
64
79
64
72
-1
-1
-1
68
-1
64
-1
72
72
68
68
72
79
64
-1
64
72
-1
64
-1
72
-1
-1
64
68
68
-1
68
-1
-1
-1
-1
64
-1
-1
72
64
-1
-1
-1
64
-1
68
68
-1
79
68
-1
68
-1
-1
64
-1
-1
-1
64
-1
79
-1
-1
-1
72
-1
68
-1
-1
64
-1
64
-1
64
-1
-1
72
-1
64
-1
72
64
-1
64
79
-1
-1
-1
64
72
-1
64
-1
-1
-1
-1
64
-1
72
68
-1
68
-1
-1
-1
68
-1
-1
64
-1
-1
-1
-1
64
-1
-1
-1
64
-1
-1
-1
64
-1
-1
-1
-1
64
-1
-1
64
-1
-1
-1
64
72
64
-1
79
-1
-1
-1
-1
64
-1
-1
64
-1
-1
-1
-1
-1
79
-1
-1
-1
-1
-1
-1
64
68
64
-1
68
79
64
68
-1
-1
-1
-1
64
-1
-1
-1
-1
64
72
64
-1
-1
-1
-1
-1
64
-1
79
64
-1
17
-1
-1
-1
64
-1
-1
-1
64
-1
-1
-1
68
-1
-1
68
-1
-1
68
-1
-1
-1
72
-1
-1
64
-1
-1
-1
64
-1
-1
64
-1
-1
-1
64
-1
-1
-1
-1
79
72
-1
-1
-1
-1
-1
68
-1
72
79
-1
-1
68
-1
-1
64
-1
79
-1
-1
72
64
-1
-1
64
-1
-1
64
-1
-1
-1
-1
64
79
-1
-1
64
-1
-1
-1
64
79
72
64
-1
79
-1
-1
68
79
-1
68
-1
-1
17
-1
-1
64
-1
-1
