"TC20 UVIS_COP_ROW"
85
-1
89
85
-1
89
-1
89
85
95
-1
-1
85
-1
-1
85
85
85
-1
-1
-1
-1
89
-1
85
-1
-1
-1
-1
85
-1
-1
-1
95
-1
85
95
-1
-1
95
89
-1
95
-1
89
95
89
-1
95
-1
89
95
89
89
-1
89
-1
95
85
89
-1
-1
-1
89
-1
-1
79
89
-1
-1
89
-1
89
-1
85
-1
89
-1
-1
-1
-1
95
72
89
-1
-1
89
-1
-1
-1
-1
-1
89
85
-1
89
-1
72
89
95
89
-1
-1
89
89
95
-1
89
-1
-1
89
-1
85
-1
-1
-1
-1
-1
-1
-1
95
-1
-1
-1
89
-1
-1
89
-1
95
-1
-1
89
-1
-1
-1
89
85
-1
85
-1
-1
-1
-1
-1
89
-1
-1
-1
-1
-1
89
89
85
89
85
-1
89
-1
-1
85
89
-1
72
89
-1
89
-1
95
89
-1
-1
89
-1
95
-1
-1
-1
-1
-1
-1
-1
-1
-1
89
-1
95
-1
72
95
-1
-1
-1
89
89
-1
89
89
95
-1
72
-1
-1
-1
-1
-1
89
-1
-1
-1
89
89
-1
85
89
85
-1
85
-1
85
89
-1
-1
89
89
-1
89
89
-1
-1
85
-1
85
-1
85
-1
85
-1
85
89
-1
-1
-1
95
-1
-1
89
-1
89
-1
89
85
85
-1
85
-1
-1
-1
-1
89
-1
-1
89
89
95
-1
-1
85
-1
-1
95
85
85
85
85
-1
85
-1
-1
-1
85
-1
95
85
-1
85
-1
-1
-1
85
85
85
85
85
85
85
-1
-1
89
-1
95
85
-1
95
-1
-1
-1
-1
85
85
85
85
95
85
-1
85
-1
-1
-1
-1
85
-1
-1
89
95
85
89
-1
-1
85
79
85
-1
85
72
85
-1
-1
89
85
-1
