"TC20 UVIS_COP_ROW"
-1
-1
-1
-1
68
-1
-1
68
-1
-1
68
-1
-1
-1
-1
-1
-1
64
79
-1
-1
-1
-1
64
-1
-1
-1
-1
-1
-1
-1
-1
68
64
-1
-1
-1
68
72
-1
64
-1
-1
-1
-1
64
72
-1
-1
-1
-1
79
-1
-1
-1
-1
-1
-1
-1
-1
-1
-1
-1
64
-1
-1
-1
-1
72
-1
-1
-1
-1
-1
-1
-1
-1
-1
64
-1
-1
-1
-1
-1
-1
-1
64
79
-1
-1
79
-1
-1
-1
-1
64
-1
-1
-1
-1
-1
-1
79
-1
72
79
-1
68
-1
72
68
-1
-1
-1
-1
-1
68
79
68
-1
-1
-1
-1
-1
-1
-1
-1
-1
-1
-1
-1
-1
-1
-1
-1
-1
-1
68
-1
-1
-1
-1
-1
68
-1
-1
-1
-1
-1
-1
-1
72
68
-1
72
-1
79
-1
-1
68
-1
-1
68
-1
-1
-1
-1
-1
-1
-1
-1
-1
-1
-1
-1
-1
-1
-1
-1
-1
-1
-1
68
-1
72
68
-1
-1
-1
-1
-1
68
-1
-1
-1
-1
64
-1
-1
-1
-1
68
-1
-1
68
-1
-1
-1
64
64
-1
64
72
79
-1
-1
-1
-1
68
-1
64
-1
-1
68
64
79
-1
72
-1
-1
-1
-1
-1
64
68
-1
-1
-1
-1
-1
72
-1
-1
-1
-1
-1
72
-1
-1
64
-1
-1
-1
-1
72
-1
-1
-1
-1
-1
72
-1
72
-1
-1
-1
72
-1
-1
-1
-1
64
-1
79
-1
-1
79
-1
-1
-1
72
68
79
-1
68
-1
68
72
-1
-1
72
-1
-1
-1
-1
-1
-1
68
-1
-1
68
-1
68
79
-1
-1
-1
-1
64
-1
-1
-1
-1
-1
-1
-1
68
-1
68
-1
64
68
-1
68
-1
72
-1
-1
72
72
-1
72
72
-1
-1
-1
-1
-1
-1
68
72
