"TC20 UVIS_COP_ROW"
63
59
63
63
63
59
63
63
63
59
63
63
63
59
63
63
63
59
63
63
63
59
63
63
63
59
63
63
63
59
63
63
63
59
63
63
63
59
63
17
17
63
63
59
63
63
63
59
63
63
63
52
63
56
63
63
63
17
17
17
63
52
63
59
63
56
1
63
63
52
63
59
63
56
63
63
63
52
63
59
63
56
63
63
63
52
63
59
63
56
63
52
63
56
63
52
63
56
63
52
63
56
63
63
63
52
63
56
63
52
63
56
63
59
63
52
63
16
16
16
16
56
63
52
63
56
63
52
63
63
63
56
63
52
63
56
63
52
63
56
52
163
52
52
63
56
63
52
63
56
63
59
63
52
63
56
63
52
63
56
63
52
63
63
63
56
63
52
63
56
63
52
63
59
63
56
63
52
63
17
63
44
63
48
63
44
63
48
63
44
63
56
63
52
63
48
63
56
63
52
63
44
63
48
63
44
63
48
63
56
63
44
63
48
63
52
63
44
63
48
63
44
63
48
63
56
63
44
63
52
63
48
63
44
63
48
63
17
63
44
63
48
63
44
63
48
63
56
63
44
63
48
63
44
63
48
63
44
63
48
63
44
63
52
63
48
63
44
63
48
63
44
63
48
63
44
63
48
63
44
63
48
63
44
63
16
16
16
63
48
63
17
17
17
63
44
63
48
63
44
63
48
63
44
63
48
63
44
63
56
63
48
63
44
63
48
63
44
63
48
63
44
63
48
63
44
63
48
63
44
63
52
63
48
63
44
63
48
63
44
63
56
63
48
63
44
63
52
63
17
63
48
63
44
63
48
63
44
63
48
63
44
63
48
63
44
63
48
63
44
63
48
63
44
63
48
63
44
63
48
63
44
63
48
63
44
63
48
63
44
63
48
63
44
63
48
63
44
63
48
63
44
63
48
63
44
63
17
63
48
63
44
63
48
63
44
63
48
63
44
63
48
63
44
63
48
63
44
63
48
63
44
63
48
63
44
63
48
63
44
63
48
63
44
63
48
63
44
63
48
63
44
63
48
63
44
63
48
63
44
63
48
63
44
63
17
17
17
63
48
63
44
63
48
63
44
63
48
63
44
63
48
63
44
63
48
63
44
63
48
63
44
63
48
63
44
63
48
63
44
63
48
63
44
63
48
63
44
63
48
63
44
63
48
63
44
63
48
63
44
63
48
63
17
63
44
63
48
63
44
63
16
16
16
63
48
63
56
63
44
63
48
63
44
63
48
