S/C,UTC,UVIS nadir LOS surface intercept lat (deg),UVIS nadir LOS surface intercept lon (deg),S/C altitude (km),UVIS nadir LOS surface intercept LST (h),UVIS nadir LOS surface intercept Incidence angle (deg),UVIS nadir LOS surface intercept Emission angle (deg),UVIS nadir LOS surface intercept Phase angle (deg)
MRO,2025 FEB 15 04:06:00,67.8315,139.4329,310.0843,3.4503,86.803,2.7909e-14,86.803
TGO,2025 FEB 15 04:03:00,69.3549,134.7822,430.3271,3.0917,87.1624,2.5895,89.7201

MRO,2025 FEB 16 11:51:00,75.1222,39.4429,312.5862,3.6919,81.1571,1.5982e-14,81.1571
TGO,2025 FEB 15 11:57:00,73.6047,35.694,432.9747,4.1761,80.5319,0.46376,80.7747

MRO,2025 FEB 16 15:36:00,73.5098,-16.4184,314.0221,3.6183,82.3517,2.4026e-14,82.3517
TGO,2025 FEB 16 15:27:00,72.5012,-15.5,433.0493,3.5336,83.2696,0.5658,83.6932

MRO,2025 FEB 16 17:30:00,67.9729,-46.4799,310.6201,3.4639,86.4433,2.3372e-14,86.4433
TGO,2025 FEB 16 17:24:00,70.8564,-50.8102,432.0142,3.0778,85.9212,0.48629,86.2218

MRO,2025 FEB 18 05:00:00,73.9736,157.7674,313.2212,3.6383,81.7888,7.9514e-15,81.7888
TGO,2025 FEB 18 04:48:00,73.8057,161.4866,432.228,3.6917,81.7195,0.46122,81.9791

MRO,2025 FEB 18 10:36:00,75.7642,77.6791,312.8155,3.7506,80.3342,3.863e-14,80.3342
TGO,2025 FEB 18 10:42:00,74.2422,78.0938,433.4058,3.8756,80.8254,0.45736,81.0759

MRO,2025 FEB 20 00:00:00,76.1437,-107.9215,312.2518,3.7847,79.8025,3.2823e-14,79.8025
TGO,2025 FEB 20 00:03:00,75.1046,-103.8327,434.648,4.1061,79.3929,0.42595,79.6247

MRO,2025 FEB 20 05:36:00,78.1607,171.7015,312.9699,3.8778,78.3689,8.8028e-15,78.3689
TGO,2025 FEB 20 05:57:00,75.364,171.6961,432.6971,4.2181,78.8649,0.44598,79.0969

MRO,2025 FEB 24 14:21:00,73.1695,79.004,312.1819,3.6681,81.3444,2.0505e-14,81.3444
TGO,2025 FEB 24 14:06:00,75.2407,77.4507,433.8184,3.3211,81.0777,0.44552,81.3401

MRO,2025 FEB 26 09:21:00,75.1905,172.1361,312.6524,3.7356,79.6776,1.4494e-14,79.6776
TGO,2025 FEB 26 09:21:00,75.9074,172.6362,432.5383,3.7689,79.1538,0.44014,79.3979

MRO,2025 FEB 26 14:57:00,77.0434,92.4541,312.8139,3.8747,78.1703,6.4106e-15,78.1703
TGO,2025 FEB 26 15:15:00,75.8692,89.7284,434.0737,3.985,78.5038,0.4409,78.7412

MRO,2025 FEB 28 04:21:00,76.9981,-93.6343,312.8969,3.8761,77.9959,2.8636e-14,77.9959
TGO,2025 FEB 28 04:36:00,75.7331,-90.8096,435.3173,4.3078,77.3746,0.44229,77.6021

MRO,2025 FEB 28 09:57:00,78.8565,-173.9636,314.7515,3.9722,76.6914,9.5499e-15,76.6914
TGO,2025 FEB 28 10:30:00,75.6413,-174.5399,432.5732,4.4692,76.8634,0.058914,76.8219

MRO,2025 MAR 01 02:48:00,75.5016,-62.8976,313.581,3.7792,79.0206,8.1089e-15,79.0206
TGO,2025 MAR 01 02:12:00,75.8894,-60.3669,433.4391,3.3639,79.9563,0.43904,80.213

MRO,2025 MAR 04 18:42:00,73.6408,92.8794,312.9856,3.7308,79.839,2.5468e-14,79.839
TGO,2025 MAR 04 18:39:00,75.6405,90.77,433.691,3.5414,79.1809,0.44229,79.4343

MRO,2025 MAR 05 00:18:00,75.4101,11.8889,315.7751,3.7828,78.5915,3.0226e-14,78.5915
TGO,2025 MAR 05 00:33:00,75.6022,7.0032,433.4988,3.7003,78.7193,0.44314,78.968

MRO,2025 MAR 06 13:42:00,75.5466,-174.1096,315.2942,3.7897,78.3059,1.4312e-14,78.3059
TGO,2025 MAR 06 13:54:00,74.9699,-173.7147,432.721,4.0108,77.9486,1.3315,78.9808

MRO,2025 MAR 06 17:27:00,73.9189,130.2593,315.5695,3.7314,79.4398,2.8669e-14,79.4398
TGO,2025 MAR 07 17:24:00,75.4318,133.8354,434.661,3.2839,79.682,0.44336,79.9447

MRO,2025 MAR 08 03:06:00,75.8187,0.19857,317.0747,3.8172,77.884,4.7709e-15,77.884
TGO,2025 MAR 08 03:15:00,73.8468,4.0717,432.3486,4.2214,77.6486,0.46132,77.8902

MRO,2025 MAR 09 01:33:00,73.7276,31.1356,314.6621,3.7333,79.2795,1.1468e-14,79.2795
TGO,2025 MAR 09 00:51:00,75.1145,35.2643,433.8936,3.3272,79.6273,0.44672,79.8911

MRO,2025 MAR 11 19:00:00,73.6956,155.4976,315.3998,3.7361,78.9847,3.9478e-14,78.9847
TGO,2025 MAR 11 19:42:00,71.754,151.6187,433.3895,4.1589,78.5527,0.48175,78.8088

MRO,2025 MAR 12 17:27:00,71.8377,-173.236,314.7213,3.6742,80.2348,2.324e-14,80.2348
TGO,2025 MAR 12 17:18:00,73.5771,-174.7696,432.8519,3.4258,79.9525,0.46237,80.2242

MRO,2025 MAR 12 23:06:00,64.5378,102.03,312.5052,3.5253,85.5105,4.9605e-14,85.5105
TGO,2025 MAR 12 23:18:00,63.7218,103.1045,427.432,3.7914,84.7019,69.4461,46.3

MRO,2025 MAR 13 08:24:00,73.9122,-30.279,316.5588,3.7575,78.6127,3.556e-15,78.6127
TGO,2025 MAR 13 09:03:00,70.1395,-33.7243,433.0301,4.1606,79.2322,1.5509,77.6826

MRO,2025 MAR 14 01:15:00,69.9713,82.1023,312.6435,3.6519,81.3421,7.7194e-15,81.3421
TGO,2025 MAR 14 00:45:00,72.8015,85.7572,432.9601,3.4089,80.3797,0.46311,80.6815

MRO,2025 MAR 14 06:51:00,71.8138,0.83681,316.1654,3.6856,80.0404,5.2456e-14,80.0404
TGO,2025 MAR 14 06:39:00,72.2314,1.8994,431.4191,3.5617,80.2155,0.47584,80.4917

MRO,2025 MAR 14 10:36:00,70.0646,-54.5248,313.2762,3.6453,81.2688,3.3396e-14,81.2688
TGO,2025 MAR 14 10:36:00,69.9418,-52.502,433.2127,3.78,80.8095,12.571,71.4277

MRO,2025 MAR 14 16:12:00,71.5553,-135.5849,314.3194,3.6925,80.134,1.368e-14,80.134
TGO,2025 MAR 14 16:30:00,69.4052,-133.5373,430.9201,4.1211,79.6588,0.5031,79.9295

MRO,2025 MAR 15 16:30:00,73.1851,-129.4275,314.8747,3.7575,78.8006,1.0058e-14,78.8006
TGO,2025 MAR 14 16:30:00,69.4052,-133.5373,430.9201,4.1211,79.6588,0.5031,79.9295

MRO,2025 MAR 15 20:15:00,71.434,174.635,313.8484,3.6786,80.1366,2.4996e-14,80.1366
TGO,2025 MAR 15 20:00:00,70.6866,177.7018,432.6725,3.6397,80.7511,0.49063,81.0345

