THERMAL ORBIT NUMBER WITH LNO NADIR
1
3
5
7
9
10
12
14
15
17
18
20
21
23
24
26
27
29
31
33
35
36
40
41
43
45
47
49
51
53
55
57
59
61
65
67
69
71
73
74
78
79
81
83
85
87
89
91
93
95
97
99
101
103
105
107
109
111
113
115
117
119
121
123
125
127
129
131
133
135
137
139
141
143
145
147
149
150
153
155
157
159
161
163
165
167
169
171
173
175
177
179
181
182
184
186
188
190
192
194
196
198
200
201
202
204
206
207
208
210
212
213
215
216
218
219
221
222
224
225
227
229
230
231
233
235
236
237
239
241
242
244
245
247
248
250
251
253
254
256
258
259
261
262
264
265
267
268
270
271
273
275
276
277
279
281
282
283
285
287
288
290
291
293
295
297
298
300
301
303
305
306
307
309
311
312
313
315
317
318
320
321
323
324
326
328
330
332
334
336
337
338
340
