S/C,UTC,UVIS nadir LOS surface intercept lat (deg),UVIS nadir LOS surface intercept lon (deg),S/C altitude (km),UVIS nadir LOS surface intercept LST (h),UVIS nadir LOS surface intercept Incidence angle (deg),UVIS nadir LOS surface intercept Emission angle (deg),UVIS nadir LOS surface intercept Phase angle (deg)
MRO,2024 APR 14 02:54:00,36.2254,-107.9741,291.1462,15.4336,75.0185,4.1009e-14,75.0185
TGO,2024 APR 14 02:36:00,37.3379,-104.4435,407.1189,15.3772,75.2416,62.1772,37.8548

MRO,2024 APR 14 04:45:00,32.5127,-134.6962,288.5164,15.4522,72.7952,2.6988e-14,72.7952
TGO,2024 APR 14 04:36:00,33.6104,-133.7141,411.8195,15.3717,72.7373,0.055371,72.6819

MRO,2024 APR 14 06:36:00,28.6882,-161.4428,286.6641,15.4689,70.5454,8.1026e-14,70.5454
TGO,2024 APR 14 06:33:00,30.9442,-163.3638,410.5423,15.2922,70.2329,0.04868,70.1855

MRO,2024 APR 14 08:27:00,24.7563,171.78,284.1186,15.4836,68.2781,1.5903e-15,68.2781
TGO,2024 APR 14 08:30:00,28.2013,166.9922,408.3663,15.2131,67.6544,0.043749,67.6175

MRO,2024 APR 14 14:12:00,51.1332,85.7119,301.1973,15.3397,84.3939,3.6353e-14,84.3939
TGO,2024 APR 14 14:30:00,46.3204,85.899,418.383,15.6442,83.4216,1.1162,84.0186

MRO,2024 APR 14 16:03:00,47.5149,59.0898,299.5673,15.3647,82.0921,8.0713e-14,82.0921
TGO,2024 APR 14 16:27:00,43.8293,56.1296,417.9609,15.5567,81.121,0.073456,81.0502

MRO,2024 APR 14 17:57:00,53.2675,30.7522,304.4481,15.3242,85.7921,2.3801e-14,85.7921
TGO,2024 APR 14 18:27:00,49.5163,29.759,421.6246,15.7444,86.2413,1.7894,88.0306

MRO,2024 APR 14 19:48:00,49.3699,4.2802,301.4144,15.3592,83.345,1.4494e-14,83.345
TGO,2024 APR 14 20:24:00,46.9435,-0.31943,419.666,15.6364,83.7918,0.079083,83.8682

MRO,2024 APR 15 14:27:00,39.596,92.7981,292.9476,15.4047,77.1729,2.8492e-14,77.1729
TGO,2024 APR 15 14:03:00,40.8323,96.6166,414.276,15.27,76.8823,0.082066,76.8004

MRO,2024 APR 15 16:18:00,35.9759,66.0446,290.5262,15.4208,74.9268,3.3053e-14,74.9268
TGO,2024 APR 15 16:00:00,38.3987,66.8663,413.7895,15.1839,74.4882,0.080633,74.4076

MRO,2024 APR 15 18:09:00,32.3133,39.3235,289.1692,15.4394,72.7229,7.6862e-14,72.7229
TGO,2024 APR 15 17:57:00,35.7922,37.1669,412.9481,15.1011,71.9656,0.076945,71.889

MRO,2024 APR 15 21:54:00,33.9856,-15.4664,289.5844,15.435,73.7829,2.7909e-14,73.7829
TGO,2024 APR 15 21:54:00,38.9457,-19.7086,414.9681,15.1522,74.6391,0.083624,74.5555

MRO,2024 APR 16 05:30:00,56.901,-128.8337,304.0954,15.2711,88.2252,5.0188e-14,88.2252
TGO,2024 APR 16 05:51:00,53.8887,-128.8396,424.7317,15.6111,88.2905,5.6483,93.9388

MRO,2024 APR 16 07:21:00,53.1681,-155.2347,303.2974,15.3108,85.8577,5.4743e-14,85.8577
TGO,2024 APR 16 07:48:00,51.5567,-158.9122,424.1046,15.5036,86.0362,2.3991,88.4353

MRO,2024 APR 17 02:00:00,43.4635,-66.4873,295.9305,15.3717,79.6953,3.1964e-14,79.6953
TGO,2024 APR 17 01:27:00,45.4678,-62.38,419.5345,15.1103,79.1189,0.095457,79.0235

MRO,2024 APR 17 03:51:00,39.7622,-93.2339,293.1175,15.3883,77.3366,8.996e-15,77.3366
TGO,2024 APR 17 03:24:00,43.0152,-92.3401,417.36,15.01,76.6094,0.098812,76.5109

MRO,2024 APR 17 05:42:00,36.1032,-119.9538,289.9609,15.4067,75.0661,3.6542e-14,75.0661
TGO,2024 APR 17 05:21:00,40.5198,-122.1614,416.1141,14.9192,74.0938,0.099712,73.9949

MRO,2024 APR 17 14:15:00,-60.4162,-67.4852,252.4921,3.2228,89.352,2.736e-14,89.352
TGO,2024 APR 17 14:18:00,-57.7578,-62.6686,379.9064,3.5925,89.1187,3.6736,92.7923

MRO,2024 APR 17 18:54:00,57.0908,45.1587,306.0928,15.2561,88.4941,2.8448e-14,88.4941
TGO,2024 APR 17 19:12:00,56.3696,43.7843,425.8558,15.4564,89.1695,0.063038,89.1072

MRO,2024 APR 18 13:33:00,47.2995,134.2248,300.734,15.3381,82.2641,4.1834e-14,82.2641
TGO,2024 APR 18 12:51:00,49.7475,138.9338,421.2069,14.9708,81.5187,3.9883,85.2076

MRO,2024 APR 18 15:24:00,43.4411,107.5409,296.6416,15.3589,79.7755,5.3812e-14,79.7755
TGO,2024 APR 18 14:48:00,47.6638,108.8793,418.6882,14.8644,79.2704,0.10969,79.1625

MRO,2024 APR 19 03:39:00,-60.2804,106.5678,250.9266,3.2117,89.2867,1.2722e-14,89.2867
TGO,2024 APR 19 03:39:00,-59.6998,109.0982,377.9011,3.3803,88.8072,0.34944,89.1557

MRO,2024 APR 19 04:33:00,54.8085,-85.7411,305.3265,15.2667,87.1309,2.0871e-14,87.1309
TGO,2024 APR 19 04:36:00,55.1668,-89.2038,424.6318,15.0844,86.3179,0.083231,86.2376

MRO,2024 APR 20 16:06:00,58.5428,114.7485,307.1902,15.2181,89.7111,3.1845e-14,89.7111
TGO,2024 APR 20 16:00:00,59.6144,113.7695,425.6016,15.0553,89.6462,0.080122,89.5773

MRO,2024 APR 22 02:45:00,-68.7204,146.5191,253.6073,3.0456,83.4653,3.556e-14,83.4653
TGO,2024 APR 21 02:51:00,-65.8303,142.7346,378.7367,3.5419,83.5979,4.0609,87.5863

MRO,2024 APR 22 15:51:00,-70.7823,-45.5258,251.4367,2.9869,82.0635,4.0638e-14,82.0635
TGO,2024 APR 22 16:12:00,-67.4711,-44.0716,380.1753,3.4242,82.8039,1.492,84.2923

MRO,2024 APR 23 10:30:00,-61.6791,44.7303,251.5165,3.1475,88.0195,3.1806e-14,88.0195
TGO,2024 APR 23 09:51:00,-62.7719,48.1755,380.1537,2.745,88.9977,7.4255,96.3949

MRO,2024 APR 23 14:15:00,-63.5095,-10.2011,251.3452,3.1336,86.7308,6.6183e-14,86.7308
TGO,2024 APR 23 13:48:00,-65.2653,-6.122,380.4713,2.9678,86.1411,4.3682,90.4992

MRO,2024 APR 23 16:09:00,-69.2125,-39.5952,251.0461,3.0225,82.973,4.1378e-14,82.973
TGO,2024 APR 22 16:12:00,-67.4711,-44.0716,380.1753,3.4242,82.8039,1.492,84.2923

MRO,2024 APR 24 05:15:00,-71.2591,128.3,251.8199,2.9597,81.5841,2.4065e-14,81.5841
TGO,2024 APR 24 05:33:00,-69.2352,130.1954,378.2321,3.3781,81.5826,1.0154,82.5973

MRO,2024 APR 25 18:39:00,-71.6697,-57.9496,250.6618,2.9275,81.1719,2.2321e-14,81.1719
TGO,2024 APR 25 18:54:00,-70.8329,-55.0586,379.284,3.3633,80.343,0.30346,80.6346

MRO,2024 APR 27 04:18:00,-70.8332,171.2519,252.7861,2.9436,81.5744,3.5781e-15,81.5744
TGO,2024 APR 27 04:18:00,-69.873,170.3851,380.1184,2.8856,82.4877,0.32919,82.8025

MRO,2024 APR 28 17:42:00,-71.8986,-15.1661,250.768,2.8994,80.7135,1.3587e-14,80.7135
TGO,2024 APR 28 17:39:00,-71.49,-14.308,380.2125,2.9081,80.9978,0.57658,81.5539

MRO,2024 APR 30 07:06:00,-72.776,158.4053,252.1326,2.8544,79.9898,1.7726e-14,79.9898
TGO,2024 APR 30 07:00:00,-72.9968,162.3206,378.6598,3.0183,79.359,0.89375,80.2129

MRO,2024 MAY 01 16:45:00,-72.0883,27.25,250.9981,2.8461,80.3791,2.1097e-14,80.3791
TGO,2024 MAY 01 16:24:00,-72.238,27.3115,379.8194,2.5097,81.1816,1.5669,82.652

MRO,2024 MAY 03 06:09:00,-73.7213,-159.5353,250.5751,2.7772,79.1364,2.624e-14,79.1364
TGO,2024 MAY 03 05:45:00,-73.455,-156.6348,381.0402,2.5814,79.8433,0.32308,80.14

MRO,2024 MAY 05 10:30:00,-73.7352,156.3899,251.9436,2.7653,78.9257,1.0337e-14,78.9257
TGO,2024 MAY 06 10:24:00,-74.4305,160.8868,378.5503,2.315,79.3179,0.32751,79.6127

MRO,2024 MAY 06 10:48:00,-72.828,162.1169,252.3717,2.7861,79.4728,7.1119e-15,79.4728
TGO,2024 MAY 06 10:24:00,-74.4305,160.8868,378.5503,2.315,79.3179,0.32751,79.6127

MRO,2024 MAY 07 03:39:00,-77.3539,-87.5265,250.6549,2.535,76.4009,1.9093e-14,76.4009
TGO,2024 MAY 07 04:06:00,-75.3264,-89.7195,380.3493,2.8267,77.3722,0.30467,77.6474

MRO,2024 MAY 08 00:12:00,-74.7769,-25.0434,250.4103,2.6917,78.0385,3.8929e-14,78.0385
TGO,2024 MAY 07 23:45:00,-75.3159,-20.4522,379.24,2.56,77.9105,0.31419,78.1922

