THERMAL ORBIT NUMBER WITH LNO NADIR
1
2
4
6
8
9
11
13
15
17
18
20
22
24
27
29
31
32
34
35
36
38
40
41
43
44
46
48
50
52
53
55
56
57
59
60
62
64
65
66
68
70
71
73
74
76
78
80
81
83
85
87
89
91
94
96
98
99
101
103
104
106
108
110
112
114
116
120
121
123
125
127
129
130
132
134
136
138
139
141
143
144
146
147
148
150
152
154
156
158
162
164
165
167
168
170
172
173
175
176
178
179
181
182
184
185
187
189
191
192
194
196
197
198
200
201
203
204
205
207
209
210
212
213
215
216
218
220
221
225
226
228
229
231
232
234
235
237
239
241
243
244
245
247
249
251
252
254
256
258
262
264
265
267
269
270
271
273
275
276
278
279
281
282
284
287
289
290
292
294
296
298
300
302
303
305
307
308
310
311
313
315
317
318
320
321
323
325
326
327
329
331
332
333
337
338
340
341
