"TC20 UVIS_COP_ROW"
85
95
85
95
85
17
85
95
85
95
85
95
17
95
85
95
85
95
85
17
85
95
85
17
85
95
85
95
85
95
85
95
85
95
85
95
85
95
85
95
85
95
17
95
85
85
85
85
85
95
85
95
85
95
85
95
85
95
85
95
85
95
85
85
85
17
85
95
85
95
85
17
85
95
85
95
85
95
85
95
85
95
85
95
-1
-1
85
95
85
95
85
95
85
95
85
17
85
95
85
85
85
85
85
85
85
85
85
95
85
95
17
95
85
95
85
95
85
95
85
85
85
85
85
95
85
95
81
95
81
95
81
95
81
-1
17
95
81
95
85
85
85
95
85
85
81
-1
17
17
81
95
81
95
81
95
81
95
81
95
85
85
85
85
81
17
81
95
81
17
81
95
-1
95
81
95
81
95
81
85
85
85
81
85
85
85
85
95
81
95
81
-1
81
17
81
95
-1
-1
17
95
81
85
85
85
81
95
81
95
85
95
81
95
17
95
81
95
81
17
85
95
81
95
81
95
81
95
81
95
81
95
81
95
81
95
81
95
81
95
17
85
85
17
81
95
81
95
85
95
81
95
81
95
81
95
81
95
81
-1
-1
95
85
85
81
17
81
17
81
95
81
95
81
95
81
95
81
85
81
95
85
95
81
95
85
85
-1
17
81
95
-1
17
81
95
81
95
81
95
-1
85
85
95
81
95
81
95
81
95
85
95
81
95
-1
17
81
17
81
95
81
95
81
95
85
-1
17
95
81
17
81
95
81
95
81
95
81
-1
17
95
81
17
81
95
81
95
81
