"TC20 UVIS_COP_ROW"
80
88
17
88
80
88
80
88
80
88
80
88
80
88
80
80
95
80
84
80
95
80
95
80
84
80
95
80
95
80
95
80
95
80
95
80
95
88
80
80
84
80
95
88
80
80
84
17
95
80
80
17
80
80
95
88
80
88
80
80
95
80
80
88
80
88
95
80
80
88
80
88
95
80
95
80
84
80
95
88
-1
88
95
80
-1
-1
80
88
80
88
80
88
95
80
95
17
95
80
84
80
17
80
80
88
95
80
95
80
80
88
80
88
80
88
80
88
95
84
84
88
84
88
84
88
84
84
17
84
95
88
84
88
84
88
95
84
95
84
95
84
95
84
95
84
95
88
95
84
95
84
84
88
95
84
95
84
84
88
95
88
95
84
84
17
95
84
84
88
84
88
-1
84
84
88
84
88
84
17
84
84
95
84
95
88
84
84
95
84
84
88
84
17
84
88
95
84
95
84
95
84
95
84
95
84
84
84
95
84
95
84
95
84
84
88
95
84
84
88
17
88
84
84
84
88
95
84
95
84
84
88
84
84
95
88
84
88
95
84
95
84
95
84
95
84
84
88
84
84
95
88
95
84
95
84
84
-1
-1
84
95
84
95
84
95
84
95
17
84
88
95
84
95
84
84
84
84
88
84
88
84
88
95
84
95
88
84
88
84
17
84
84
95
84
84
84
95
84
84
84
95
88
84
88
84
17
95
88
84
88
95
88
84
88
84
84
95
88
95
84
84
88
95
84
95
84
95
84
95
84
84
88
84
84
84
84
95
84
84
84
95
84
95
