"TC20 UVIS_COP_ROW"
88
79
88
85
85
79
85
79
85
79
85
17
85
79
85
85
79
85
79
85
79
85
85
17
85
85
79
85
79
85
79
85
79
85
17
85
79
79
85
85
79
85
79
85
85
85
79
17
79
85
85
79
85
85
85
85
85
85
85
85
79
79
85
85
85
79
79
85
85
79
85
17
79
88
79
85
79
85
85
79
79
85
85
85
-1
-1
81
79
81
79
81
79
95
81
95
85
95
81
85
85
95
85
81
85
95
81
95
81
81
17
81
-1
81
79
81
85
95
85
81
85
85
85
85
79
85
81
95
81
95
79
81
79
81
79
95
81
85
85
95
81
85
85
85
17
95
79
95
81
95
17
81
79
95
81
85
81
81
79
85
81
95
85
81
79
95
81
81
17
81
79
-1
81
85
79
81
79
-1
17
95
79
95
81
95
79
95
81
95
81
81
79
81
17
81
79
95
85
95
85
85
81
95
81
95
79
81
81
95
81
95
81
95
81
81
79
95
17
85
85
81
79
95
85
81
79
95
81
-1
81
81
79
81
81
95
85
81
79
95
81
17
17
85
81
95
81
95
79
81
81
95
79
95
85
95
81
422
-1
-1
422
437
425
437
422
437
-1
437
422
422
437
-1
422
437
422
422
437
422
437
425
437
422
437
437
422
437
437
422
437
422
17
422
422
437
422
437
437
437
437
422
422
437
437
422
437
422
422
437
437
422
437
437
437
422
425
422
422
437
422
437
437
422
437
437
422
437
422
437
422
437
-1
422
437
437
437
437
422
422
-1
437
422
437
81
437
