MRO time overlap (UTC),MRO subSC lat (deg),MRO subSC lon (deg),MRO S/C altitude (km),MRO LST (h),MRO Incidence angle (deg),MRO Emission angle (deg),MRO Phase angle (deg),TGO time overlap (UTC),UVIS nadir LOS surface intercept lat (deg),UVIS nadir LOS surface intercept lon (deg),TGO S/C altitude (km),UVIS nadir LOS surface intercept LST (h),UVIS nadir LOS surface intercept Incidence angle (deg),UVIS nadir LOS surface intercept Emission angle (deg),UVIS nadir LOS surface intercept Phase angle (deg)
2026 MAR 14 00:24:00,-64.7726,-172.0102,252.637,15.7681,55.9348,4.1864e-14,55.9348,2026 MAR 14 00:21:00,-60.3842,-168.5538,380.7126,15.95,55.7222,0.29159,55.7395
2026 MAR 14 07:54:00,-60.8058,77.8653,252.1534,15.7228,54.2342,2.075e-14,54.2342,2026 MAR 14 08:12:00,-62.4217,73.3343,379.4345,15.7125,54.7161,0.49694,54.7664
2026 MAR 15 15:42:00,-58.3545,-26.9951,254.6117,15.6683,52.9075,1.1468e-14,52.9075,2026 MAR 15 15:39:00,-60.835,-28.0654,381.3546,15.5483,52.913,0.84535,53.6521
2026 MAR 16 01:03:00,-57.8974,-163.5885,253.4206,15.6581,52.6464,2.3801e-14,52.6464,2026 MAR 16 01:30:00,-56.736,-168.5779,380.6775,15.7631,53.1127,0.53713,53.1762
2026 MAR 16 23:30:00,-55.404,-131.5938,253.4109,15.6308,51.5938,4.0357e-14,51.5938,2026 MAR 16 23:06:00,-59.5464,-129.3836,378.4304,15.3892,51.1917,0.52826,51.3741
2026 MAR 17 03:15:00,-53.5484,173.2492,252.8951,15.6019,50.8216,2.9194e-14,50.8216,2026 MAR 17 03:03:00,-56.1159,175.6874,380.7764,15.5697,51.3034,0.53509,51.3545
2026 MAR 17 08:51:00,-55.5188,91.962,252.548,15.6306,51.5851,6.0037e-14,51.5851,2026 MAR 17 08:57:00,-55.8264,89.9555,379.2127,15.5942,51.3825,4.313,47.1172
2026 MAR 17 12:36:00,-53.1928,36.8099,252.771,15.6019,50.689,1.8271e-14,50.689,2026 MAR 17 12:54:00,-52.0939,33.8879,378.1914,15.6989,51.2676,0.55923,51.3413
2026 MAR 18 11:03:00,-51.1059,68.8757,252.0853,15.5794,49.8784,4.5981e-14,49.8784,2026 MAR 18 10:30:00,-55.0779,73.4679,378.7198,15.3506,49.0922,0.71813,49.6701
2026 MAR 18 14:48:00,-49.0866,13.7984,254.4022,15.5556,49.1827,1.8062e-14,49.1827,2026 MAR 18 14:27:00,-51.3888,17.7926,378.7426,15.4814,49.054,1.9164,50.9479
2026 MAR 18 18:33:00,-47.3634,-41.1273,253.6323,15.5419,48.6826,3.1964e-14,48.6826,2026 MAR 18 18:24:00,-48.1258,-38.584,380.8314,15.5656,49.0658,3.3183,52.3795
2026 MAR 19 00:09:00,-48.9253,-122.625,252.7407,15.5567,49.124,1.4575e-14,49.124,2026 MAR 19 00:18:00,-47.3811,-124.3749,378.9814,15.5858,49.101,0.57316,49.1872
2026 MAR 20 06:06:00,-42.552,159.4202,253.6701,15.4956,47.3069,8.6345e-14,47.3069,2026 MAR 20 05:48:00,-43.4076,163.6146,380.1085,15.4833,47.292,2.6629,44.7612
2026 MAR 20 09:51:00,-40.6194,104.6181,254.1548,15.49,47.0179,2.7175e-14,47.0179,2026 MAR 20 09:45:00,-40.0403,106.2124,379.0973,15.4992,47.0667,3.2899,50.3425
2026 MAR 20 15:27:00,-42.0627,22.94,255.0294,15.4925,47.188,3.8693e-14,47.188,2026 MAR 20 15:39:00,-39.0246,20.2569,379.6365,15.5083,47.0786,0.57983,47.2046
2026 MAR 20 19:12:00,-40.3168,-31.9643,255.0856,15.4803,46.8542,4.5981e-14,46.8542,2026 MAR 20 19:36:00,-35.7502,-36.5465,381.4686,15.5639,47.6094,0.58396,47.1512
2026 MAR 22 01:09:00,-33.3772,-109.637,253.9975,15.4378,46.0097,2.0116e-14,46.0097,2026 MAR 22 01:06:00,-31.6446,-109.4217,380.116,15.4036,45.63,0.5616,45.7913
2026 MAR 22 04:54:00,-31.2256,-164.5959,255.4965,15.4219,45.8778,3.556e-14,45.8778,2026 MAR 22 05:03:00,-27.9429,-166.2962,382.4508,15.4544,46.57,0.56225,46.1764
2026 MAR 22 06:45:00,-35.1828,168.6342,254.3197,15.4369,45.9832,4.6118e-14,45.9832,2026 MAR 22 07:00:00,-30.7049,163.9098,381.3561,15.3653,45.1761,0.69235,45.7666
2026 MAR 22 08:42:00,-19.7747,139.2832,257.9724,15.3772,46.9619,1.7992e-14,46.9619,2026 MAR 22 09:00:00,-24.6733,136.4581,381.6354,15.4808,47.3706,0.52096,47.7006
2026 MAR 23 10:51:00,-25.0122,117.8343,256.2332,15.3861,46.0218,4.2672e-14,46.0218,2026 MAR 23 10:33:00,-24.2298,121.1037,381.446,15.3122,45.1561,6.0835,39.6004
2026 MAR 23 12:45:00,-19.0981,89.8009,257.4807,15.3656,46.9571,1.1471e-14,46.9571,2026 MAR 23 12:33:00,-17.9396,92.8187,382.1962,15.3722,47.3513,0.47212,47.5527
2026 MAR 23 14:36:00,-22.7091,62.9912,256.1548,15.3781,46.3149,2.0612e-14,46.3149,2026 MAR 23 14:30:00,-20.4599,63.4501,381.2961,15.3114,45.8846,0.5562,45.7735
2026 MAR 23 16:27:00,-26.4326,36.1743,256.1785,15.39,45.8578,2.6988e-14,45.8578,2026 MAR 23 16:27:00,-23.083,34.5236,381.4274,15.2797,44.9128,5.3099,40.1042
2026 MAR 23 18:21:00,-20.7098,8.11,258.5881,15.3672,46.5897,1.778e-14,46.5897,2026 MAR 23 18:27:00,-16.8877,6.3694,384.2426,15.3486,47.3169,1.2742,46.3213
2026 MAR 23 22:09:00,-9.2941,-47.9354,261.5121,15.3275,49.6273,2.1157e-14,49.6273,2026 MAR 23 22:24:00,-13.6115,-50.5874,385.4369,15.3939,48.9619,4.4308,45.278
2026 MAR 24 00:03:00,-3.4362,-75.9542,263.6412,15.3081,51.89,4.6534e-15,51.89,2026 MAR 24 00:24:00,-7.23,-79.1276,387.411,15.4369,51.9515,2.632,54.2403
2026 MAR 25 02:12:00,-8.4459,-97.4707,261.1977,15.3122,49.7771,5.0289e-15,49.7771,2026 MAR 25 01:57:00,-6.5848,-94.804,387.5564,15.2467,49.6779,0.83998,49.1895
2026 MAR 25 04:03:00,-12.0983,-124.2927,260.2348,15.3239,48.5314,8.8271e-14,48.5314,2026 MAR 25 03:54:00,-9.1347,-124.2414,386.9415,15.1814,47.7212,0.37361,48.0009
2026 MAR 25 07:48:00,-10.0472,-179.1664,261.7689,15.3136,49.1601,1.4354e-14,49.1601,2026 MAR 25 07:51:00,-5.6112,178.4952,388.8633,15.2064,49.5706,0.27525,49.5949
2026 MAR 25 13:33:00,16.8115,95.6289,275.873,15.2267,62.3515,3.8595e-14,62.3515,2026 MAR 25 13:51:00,12.7676,94.7652,395.5833,15.4611,62.5573,0.42733,62.9073
2026 MAR 25 15:24:00,13.2404,68.7969,273.5137,15.2378,60.2299,3.1365e-14,60.2299,2026 MAR 25 15:48:00,10.1458,66.1483,394.6622,15.4503,60.9047,6.6457,56.4214
2026 MAR 26 15:39:00,2.6002,75.2985,266.3919,15.2614,54.3962,3.8824e-14,54.3962,2026 MAR 26 15:21:00,4.6244,77.2527,391.3568,15.0997,53.4902,0.22162,53.5197
2026 MAR 26 17:33:00,8.6531,47.2765,270.9301,15.2417,57.56,1.3974e-13,57.56,2026 MAR 26 17:21:00,10.9506,49.5392,395.7932,15.1978,58.4153,1.0661,57.7789
2026 MAR 26 19:24:00,4.8588,20.4664,269.4433,15.2539,55.5415,1.6295e-14,55.5415,2026 MAR 26 19:18:00,8.205,20.1499,394.927,15.1356,56.0229,1.2474,55.2662
2026 MAR 26 21:15:00,0.93263,-6.3558,266.9156,15.2656,53.5753,9.5437e-15,53.5753,2026 MAR 26 21:15:00,5.4393,-9.62,393.614,15.0478,53.3326,1.9406,54.8057
2026 MAR 27 04:51:00,24.2813,-118.5132,280.3836,15.1814,66.9215,6.3611e-15,66.9215,2026 MAR 27 05:12:00,21.3769,-122.2026,403.4328,15.2761,65.9484,0.061767,65.9464
2026 MAR 27 06:45:00,30.168,-146.576,285.487,15.1589,70.7985,4.0855e-14,70.7985,2026 MAR 27 07:12:00,27.5191,-149.7529,408.1506,15.385,71.1457,0.045702,71.11
2026 MAR 28 05:09:00,23.267,-113.1949,279.9359,15.175,66.226,2.4013e-14,66.226,2026 MAR 28 04:48:00,24.5956,-108.7582,405.3895,15.1303,66.6886,0.056875,66.6608
2026 MAR 28 07:00:00,19.6055,-139.9853,278.0105,15.1886,63.9125,4.3725e-14,63.9125,2026 MAR 28 06:45:00,22.0068,-138.2184,404.3825,15.0631,64.2334,0.071545,64.2162
2026 MAR 28 08:51:00,15.8159,-166.7931,276.0768,15.2011,61.5804,3.9884e-14,61.5804,2026 MAR 28 08:42:00,19.3146,-167.7289,402.9325,14.9928,61.6633,0.13082,61.7707
2026 MAR 28 20:12:00,40.9869,25.9803,295.1311,15.0936,78.1841,1.9083e-14,78.1841,2026 MAR 28 20:36:00,38.3175,23.515,414.4742,15.3183,78.0566,0.082214,77.9744
2026 MAR 29 18:36:00,33.941,59.4345,288.5456,15.1144,73.2659,1.8271e-14,73.2659,2026 MAR 29 18:12:00,35.5763,64.2849,412.0849,15.0486,73.9027,0.08822,73.8165
2026 MAR 29 20:27:00,30.2787,32.7008,286.902,15.1319,70.7977,6.4949e-14,70.7977,2026 MAR 29 20:09:00,32.945,34.646,411.085,14.9697,71.3047,0.083927,71.2254
2026 MAR 30 11:30:00,47.8195,171.6318,300.1197,15.0344,82.9824,8.6202e-14,82.9824,2026 MAR 30 11:57:00,46.3137,167.8695,420.6032,15.2211,83.1432,0.3313,83.4745
2026 MAR 31 06:09:00,39.0181,-99.9557,291.3519,15.0708,76.721,1.6905e-14,76.721,2026 MAR 31 05:36:00,40.2466,-95.0679,415.7412,14.8617,76.065,0.11017,75.9573
2026 MAR 31 09:54:00,41.2868,-154.8178,293.8173,15.0614,78.3417,4.1225e-14,78.3417,2026 MAR 31 09:33:00,43.7216,-151.5208,419.2067,14.9406,79.3039,0.11063,79.1949
2026 MAR 31 11:45:00,37.5009,178.4872,291.9517,15.0814,75.6998,9.1721e-15,75.6998,2026 MAR 31 11:30:00,41.043,178.4987,417.5353,14.8389,76.5318,0.075248,76.5432
2026 APR 01 21:27:00,46.8193,45.6598,297.701,15.0089,82.2257,4.2672e-14,82.2257,2026 APR 01 20:57:00,48.0364,49.569,421.5853,14.7831,81.7252,4.6537,86.1165
2026 APR 02 01:12:00,48.7527,-9.1532,298.844,15.0025,83.6622,3.2523e-14,83.6622,2026 APR 02 00:54:00,50.7419,-6.8214,423.0304,14.8661,84.3564,8.1542,92.0818
2026 APR 04 00:57:00,-62.0486,-168.2134,252.753,2.8486,86.7732,4.1599e-14,86.7732,2026 APR 04 01:06:00,-60.6028,-168.0165,381.0316,3.0078,87.1686,7.492,94.5419
2026 APR 07 07:30:00,-67.8784,123.4726,253.0834,2.7058,82.5233,4.6852e-14,82.5233,2026 APR 07 07:45:00,-66.8867,123.2968,377.9382,2.9372,82.4809,0.34424,82.8157
2026 APR 08 20:54:00,-69.741,-63.1594,251.4375,2.6453,81.1426,2.1336e-14,81.1426,2026 APR 08 21:06:00,-68.7112,-62.6365,379.0956,2.8744,81.2187,0.33753,81.5434
