THERMAL ORBIT NUMBER WITH LNO NADIR
1
3
5
9
11
12
14
16
18
20
22
24
26
27
29
31
32
34
35
36
38
40
42
44
46
48
50
52
54
56
58
59
61
62
64
65
66
68
70
72
74
76
78
80
81
83
85
86
88
90
92
94
96
98
100
102
104
105
106
108
110
112
113
115
116
118
120
122
123
125
126
128
129
131
133
135
137
138
140
141
143
144
145
147
149
151
152
153
155
156
158
160
162
164
166
168
170
172
174
176
178
180
182
184
186
188
190
192
194
196
198
200
202
204
206
208
210
212
214
216
218
220
222
224
226
228
230
232
234
236
238
240
242
244
246
248
250
252
254
256
258
260
262
264
266
268
270
272
274
276
278
280
282
284
286
288
290
292
294
296
298
300
302
304
306
308
310
312
314
316
318
320
322
324
326
328
330
331
333
335
337
338
340
