MRO time overlap (UTC),MRO subSC lat (deg),MRO subSC lon (deg),MRO S/C altitude (km),MRO LST (h),MRO Incidence angle (deg),MRO Emission angle (deg),MRO Phase angle (deg),TGO time overlap (UTC),UVIS nadir LOS surface intercept lat (deg),UVIS nadir LOS surface intercept lon (deg),TGO S/C altitude (km),UVIS nadir LOS surface intercept LST (h),UVIS nadir LOS surface intercept Incidence angle (deg),UVIS nadir LOS surface intercept Emission angle (deg),UVIS nadir LOS surface intercept Phase angle (deg)
2023 APR 15 19:57:00,-37.2442,91.6122,253.4161,15.2853,73.4515,7.1137e-14,73.4515,2023 APR 15 19:24:00,-41.4127,94.2422,379.0891,14.9253,73.3975,0.47475,73.2995
2023 APR 15 23:42:00,-35.0894,36.6799,254.2499,15.2736,71.9248,5.5909e-14,71.9248,2023 APR 15 23:21:00,-37.638,37.5769,378.8014,14.9928,71.2231,1.4793,72.2136
2023 APR 16 03:30:00,-23.8703,-19.5078,257.5687,15.2269,64.2088,2.9323e-14,64.2088,2023 APR 16 03:21:00,-25.3814,-17.3974,382.8385,15.2217,65.1053,4.6885,69.2485
2023 APR 16 05:21:00,-27.8947,-46.2875,255.5663,15.2425,66.935,4.9682e-14,66.935,2023 APR 16 05:18:00,-28.2499,-46.5936,382.1635,15.1733,66.4685,0.96189,67.0883
2023 APR 16 07:15:00,-22.1138,-74.3403,256.1263,15.2219,63.0725,7.4811e-14,63.0725,2023 APR 16 07:18:00,-22.0534,-73.9794,382.7807,15.2947,63.8367,0.2683,63.5684
2023 APR 16 09:06:00,-25.9111,-101.1145,254.9208,15.2378,65.6313,3.6299e-14,65.6313,2023 APR 16 09:15:00,-24.6703,-103.4967,381.6401,15.225,64.7111,0.4365,64.6974
2023 APR 16 11:00:00,-20.0181,-129.1834,257.8829,15.2161,61.7354,2.0116e-14,61.7354,2023 APR 16 11:15:00,-18.2858,-131.2289,384.0082,15.3231,61.9277,1.6726,63.3908
2023 APR 16 14:45:00,-18.2679,175.9327,259.1661,15.2075,60.595,4.2441e-14,60.595,2023 APR 16 15:12:00,-14.8444,171.672,385.3193,15.3617,60.436,0.38027,60.4912
2023 APR 16 16:39:00,-12.6801,147.9241,261.3016,15.19,57.1479,4.5092e-14,57.1479,2023 APR 16 17:12:00,-8.7275,143.5724,386.6356,15.4353,58.1263,2.6158,60.5139
2023 APR 17 16:57:00,-15.233,153.3024,260.1389,15.2033,58.8317,2.3372e-14,58.8317,2023 APR 17 16:45:00,-14.3646,155.7394,385.3868,15.1711,57.9455,1.3683,56.591
2023 APR 17 18:51:00,-9.6032,125.3122,262.4781,15.1869,55.4833,6.0011e-14,55.4833,2023 APR 17 18:45:00,-8.3075,127.9651,386.5164,15.2664,55.8038,2.0864,53.7889
2023 APR 17 22:36:00,-7.5387,70.4898,262.6923,15.1825,54.3435,2.7406e-14,54.3435,2023 APR 17 22:42:00,-4.6883,70.7585,387.0343,15.2978,54.4108,2.1438,52.2936
2023 APR 18 02:21:00,-5.6108,15.6532,265.42,15.1772,53.2966,2.3801e-14,53.2966,2023 APR 18 02:39:00,-1.0442,13.254,390.3303,15.3092,52.8881,0.41984,53.2726
2023 APR 19 06:27:00,3.2647,-34.9812,268.8092,15.1553,49.0025,2.3021e-14,49.0025,2023 APR 19 06:12:00,5.5854,-30.7298,394.0959,15.1956,48.6539,0.24524,48.8263
2023 APR 19 10:12:00,5.1723,-89.8435,269.1067,15.1483,48.1597,8.0479e-16,48.1597,2023 APR 19 10:06:00,0.34991,-89.8115,391.0245,15.0531,48.8662,3.217,51.9359
2023 APR 19 10:12:00,5.1723,-89.8435,269.1067,15.1483,48.1597,8.0479e-16,48.1597,2023 APR 19 10:09:00,9.204,-88.2155,395.8321,15.2083,47.5816,2.3085,49.8615
2023 APR 19 12:03:00,1.4346,-116.6656,267.1044,15.1611,49.8502,4.6407e-15,49.8502,2023 APR 19 12:03:00,-2.2679,-118.9923,390.0057,15.0058,49.472,1.7018,50.9233
2023 APR 19 15:48:00,3.3527,-171.5079,269.3106,15.1553,48.977,7.1119e-15,48.977,2023 APR 19 16:00:00,1.2613,-176.1883,392.4357,15.0381,48.2648,0.82796,48.9654
2023 APR 19 17:42:00,8.9513,160.4918,272.8364,15.1383,46.6855,2.4275e-14,46.6855,2023 APR 19 18:00:00,7.2473,156.3607,394.9441,15.1547,47.4969,3.7465,43.7945
2023 APR 20 19:57:00,21.6772,136.6583,281.8333,15.1022,43.3253,5.2839e-14,43.3253,2023 APR 20 19:36:00,16.8022,141.2555,400.0568,15.0681,43.6118,2.3898,46.0011
2023 APR 20 21:48:00,17.7451,109.8523,277.9953,15.1161,44.1037,6.1096e-14,44.1037,2023 APR 20 21:33:00,13.9588,112.3442,397.128,15.0389,43.8422,2.7982,41.0486
2023 APR 20 23:42:00,23.5308,81.7904,281.6142,15.0947,43.0424,4.0638e-14,43.0424,2023 APR 20 23:33:00,20.33,84.2417,400.8745,15.1122,43.6298,0.84435,44.473
2023 APR 21 01:33:00,19.8685,54.9898,279.8156,15.1089,43.6492,3.556e-14,43.6492,2023 APR 21 01:30:00,17.9029,54.3296,400.1961,15.0164,42.6735,5.5213,48.192
2023 APR 21 03:27:00,25.6097,26.9675,285.4737,15.0903,42.8564,6.6716e-14,42.8564,2023 APR 21 03:30:00,23.9752,26.7737,404.9341,15.1261,43.4323,4.4362,47.8616
2023 APR 21 05:18:00,21.6052,0.2045,282.0885,15.1069,43.391,9.5428e-15,43.391,2023 APR 21 05:27:00,21.0605,-1.9402,403.0972,15.11,43.4987,2.787,40.7179
2023 APR 21 09:03:00,23.1897,-54.6567,282.3414,15.1,43.1313,7.9195e-14,43.1313,2023 APR 21 09:24:00,24.5102,-59.5443,405.637,15.115,43.236,0.68242,43.908
2023 APR 22 13:09:00,32.0431,-105.4675,288.7563,15.0664,42.629,5.1898e-14,42.629,2023 APR 22 12:57:00,31.4116,-102.9012,410.1912,15.0428,42.2798,0.14253,42.4069
2023 APR 22 16:54:00,34.0068,-160.2889,291.4841,15.0622,42.7679,8.171e-14,42.7679,2023 APR 22 16:54:00,34.758,-159.1806,413.6613,15.1361,43.7639,4.2387,39.9515
2023 APR 22 18:45:00,30.0717,172.9669,289.1011,15.08,42.6653,1.4575e-14,42.6653,2023 APR 22 18:51:00,32.165,170.6522,411.6232,15.0231,42.0801,0.6932,41.4215
2023 APR 24 02:36:00,40.8801,67.1574,294.6095,15.0303,43.5804,2.5444e-14,43.5804,2023 APR 24 02:21:00,42.2155,71.2145,416.8034,15.0572,44.2164,2.8798,41.8534
2023 APR 24 04:27:00,37.2169,40.4777,293.4808,15.0525,43.0442,3.9213e-14,43.0442,2023 APR 24 04:18:00,39.7812,40.8747,416.2259,14.9328,42.2291,0.94807,43.0486
2023 APR 24 08:12:00,38.8468,-14.3076,293.8662,15.0506,43.3265,1.3114e-14,43.3265,2023 APR 24 08:15:00,42.9138,-15.9025,418.0963,14.9928,43.7108,1.3415,44.8939
2023 APR 24 12:00:00,50.0349,-70.9162,301.2544,14.9756,46.0125,1.8062e-14,46.0125,2023 APR 24 12:12:00,46.2676,-72.0549,420.5256,15.0944,45.7497,1.1235,44.79
2023 APR 25 14:09:00,44.0659,-92.0951,297.031,15.0192,44.2279,6.866e-15,44.2279,2023 APR 25 13:45:00,46.6898,-87.3531,420.3182,14.9458,44.3717,5.0878,40.7393
2023 APR 25 21:42:00,57.2354,156.2427,307.8841,14.9244,48.754,2.1336e-14,48.754,2023 APR 25 21:39:00,53.4428,159.8266,424.9765,15.1147,48.4455,0.3919,48.7272
2023 APR 25 23:33:00,53.2932,129.7741,304.6711,14.9608,47.1402,8.996e-15,47.1402,2023 APR 25 23:36:00,50.8642,129.395,421.8653,14.9842,46.2912,0.45442,46.006
2023 APR 26 05:09:00,51.5691,48.1598,303.1252,14.9711,46.4529,6.7918e-14,46.4529,2023 APR 26 05:30:00,51.8611,43.3508,423.9576,14.9911,46.7428,0.86517,46.1497
2023 APR 27 01:42:00,46.9269,108.7302,299.9491,15.0131,44.9751,1.0183e-14,44.9751,2023 APR 27 01:09:00,51.4382,113.5646,421.6642,14.8,44.9,0.56965,44.4465
2023 APR 27 11:03:00,46.7581,-27.6704,300.0226,15.0214,44.9651,3.8824e-14,44.9651,2023 APR 27 10:54:00,49.6395,-26.9095,415.1931,14.9261,45.1598,70.0655,34.9004
2023 APR 27 16:42:00,54.2914,-111.2037,304.561,14.9525,47.3705,7.2962e-14,47.3705,2023 APR 27 16:54:00,56.3696,-114.3278,426.0367,14.9389,48.2539,1.2303,47.5286
2023 APR 28 22:39:00,59.3691,170.9088,309.421,14.9144,49.4897,3.1815e-14,49.4897,2023 APR 28 22:24:00,59.9624,174.9016,428.7168,14.9372,49.9482,0.84461,49.4969
2023 APR 29 00:30:00,55.4397,144.5177,306.92,14.9558,47.8086,5.472e-14,47.8086,2023 APR 29 00:21:00,57.5044,143.5491,425.8876,14.7453,47.3743,0.75735,46.9477
2023 APR 29 08:03:00,68.7882,31.1847,312.8423,14.7497,54.1296,2.3155e-14,54.1296,2023 APR 29 08:15:00,63.9167,34.4692,429.8258,15.1633,53.307,1.2067,53.9796
2023 APR 29 13:39:00,66.5137,-49.7006,310.7562,14.8086,52.9293,3.2591e-14,52.9293,2023 APR 29 14:09:00,64.4736,-51.452,430.4913,15.1786,53.6514,0.050477,53.7005
2023 APR 30 12:03:00,58.8739,-14.9364,306.8516,14.9311,49.1923,1.0183e-14,49.1923,2023 APR 30 11:45:00,61.955,-12.8208,428.7172,14.78,49.9606,0.31885,49.8054
2023 APR 30 13:54:00,54.9449,-41.3716,304.3563,14.9697,47.5401,5.3221e-14,47.5401,2023 APR 30 13:42:00,59.6803,-44.7435,427.9331,14.55,47.2614,1.1719,47.7983
2023 APR 30 21:27:00,68.3279,-154.5763,311.5796,14.7719,53.7678,1.321e-14,53.7678,2023 APR 30 21:36:00,65.7677,-152.0115,431.8433,15.0889,53.7308,0.18279,53.7138
2023 APR 30 23:18:00,64.4718,179.6151,311.3831,14.8522,51.7757,6.3613e-15,51.7757,2023 APR 30 23:33:00,63.5123,175.1905,430.3236,14.8006,50.9388,1.0529,51.4361
2023 MAY 02 10:51:00,67.6214,19.7397,313.4001,14.7994,53.2847,2.2264e-14,53.2847,2023 MAY 02 10:57:00,67.5433,21.3793,430.8455,15.0061,54.1687,0.42004,54.368
2023 MAY 02 22:06:00,72.9659,-146.8084,313.6942,14.6472,56.1882,1.0306e-14,56.1882,2023 MAY 02 22:45:00,68.794,-149.0966,433.3281,15.1275,55.3797,0.52234,55.372
2023 MAY 03 16:48:00,72.2084,-59.3312,313.8645,14.6822,55.7028,4.6663e-14,55.7028,2023 MAY 02 16:51:00,68.2393,-64.1205,431.0923,15.0492,54.7413,0.1094,54.7609
2023 MAY 03 20:30:00,64.7775,-110.8971,309.9939,14.8461,51.6445,2.1336e-14,51.6445,2023 MAY 03 20:21:00,66.6987,-112.261,430.9189,14.6092,51.7202,0.27172,51.8198
2023 MAY 04 11:30:00,72.2396,27.5338,314.2523,14.6764,55.6274,4.7708e-14,55.6274,2023 MAY 04 12:06:00,70.4159,25.0004,432.0119,15.0914,55.9968,0.7943,56.2637
2023 MAY 05 04:18:00,66.1816,144.689,312.4957,14.8403,52.3255,4.5677e-14,52.3255,2023 MAY 05 03:48:00,67.6496,146.4048,430.5029,14.4678,51.6411,0.58713,51.7962
2023 MAY 05 06:12:00,71.7052,114.8353,313.2226,14.6994,55.2673,2.3801e-14,55.2673,2023 MAY 04 06:12:00,69.8633,110.5559,431.3879,15.0519,55.5384,0.90776,55.4678
2023 MAY 05 19:18:00,73.4678,-77.4201,313.4293,14.6344,56.2106,9.5747e-15,56.2106,2023 MAY 05 19:33:00,71.4242,-74.198,431.6994,15.0925,56.4605,0.81134,56.4518
2023 MAY 06 17:42:00,65.7986,-41.1333,310.45,14.8581,52.0375,2.6988e-14,52.0375,2023 MAY 06 17:09:00,69.2137,-39.1283,432.4141,14.4564,52.5434,1.2361,52.6247
2023 MAY 08 18:21:00,70.4745,-32.8522,313.1863,14.7672,54.3644,3.7532e-14,54.3644,2023 MAY 08 18:18:00,72.0749,-34.0355,433.2554,14.6397,54.983,0.1574,54.9469
2023 MAY 10 19:00:00,75.5262,-25.896,313.9653,14.5878,57.061,2.0443e-14,57.061,2023 MAY 10 19:27:00,74.1722,-25.7499,433.7635,15.0356,57.4427,0.60232,57.485
2023 MAY 13 12:27:00,74.6329,99.039,314.2811,14.6269,56.2878,1.7201e-14,56.2878,2023 MAY 13 12:18:00,74.334,100.5149,434.0949,14.5792,55.9449,0.13151,55.9421
2023 MAY 13 18:03:00,72.9746,18.3685,315.4496,14.7,55.3413,1.4918e-14,55.3413,2023 MAY 13 18:12:00,74.5222,15.3971,433.7559,14.6478,56.248,0.12998,56.25
