"TC20 UVIS_COP_ROW"
301
307
301
307
301
307
301
307
301
334
323
301
307
301
307
301
307
301
307
301
334
323
301
307
301
307
301
307
301
307
301
334
323
301
307
301
307
301
307
301
307
301
334
323
301
307
301
307
301
307
301
307
301
334
323
301
307
301
307
301
307
301
307
301
334
323
301
307
301
307
301
307
301
307
301
334
323
301
307
301
307
301
307
301
307
301
334
323
301
307
301
307
301
307
301
307
301
334
323
301
307
301
307
301
307
301
307
301
334
323
301
307
301
307
301
307
301
307
301
334
323
301
307
301
307
301
307
301
307
301
334
323
301
307
301
307
301
307
301
307
301
334
323
301
307
301
