THERMAL ORBIT NUMBER WITH LNO NADIR
1
3
5
6
8
9
11
13
14
16
18
20
21
22
24
26
27
29
30
32
33
35
36
38
39
41
43
44
45
47
49
50
51
53
55
56
58
59
61
62
64
65
67
68
70
72
74
76
78
80
82
84
86
88
89
90
92
93
95
96
98
99
101
103
105
106
108
110
111
112
114
116
117
119
120
122
123
125
126
128
129
131
133
134
135
137
139
140
141
143
145
146
148
149
151
152
154
155
157
158
160
162
164
166
168
170
172
174
176
178
180
182
184
186
188
190
191
193
194
196
197
199
200
202
203
205
206
208
210
212
214
216
218
220
222
224
225
226
228
230
231
232
234
236
237
239
240
242
243
245
246
248
249
251
253
254
255
257
259
261
263
264
266
267
269
271
272
273
275
277
278
279
281
283
284
286
287
289
290
292
293
295
296
298
300
302
304
306
308
310
312
314
315
316
318
320
321
322
324
326
327
329
330
332
333
335
336
338
339
