THERMAL ORBIT NUMBER WITH LNO NADIR
1
3
4
5
7
9
10
11
13
15
16
18
19
21
22
24
25
27
28
29
31
32
34
35
37
39
41
43
45
47
49
51
52
54
55
56
58
59
61
62
64
65
67
68
69
71
73
74
76
77
79
80
82
84
86
88
89
91
92
93
94
96
97
99
100
102
103
105
106
108
109
110
112
114
115
117
118
119
121
122
124
125
127
128
129
131
132
134
135
137
139
140
141
142
144
146
147
148
149
151
152
154
155
156
158
159
161
162
164
165
166
168
170
172
173
175
177
178
179
181
182
184
185
186
188
189
191
192
194
195
196
198
200
201
202
203
205
206
208
209
211
212
213
215
216
218
219
220
222
223
225
226
228
229
230
232
233
235
236
237
239
240
242
243
244
246
247
249
250
252
253
254
256
258
260
261
263
264
266
267
268
270
271
273
274
276
277
279
280
281
283
284
285
287
289
290
291
292
294
296
297
298
300
302
303
304
305
307
309
310
311
313
314
316
317
319
320
321
323
324
326
327
328
329
331
333
334
335
337
338
340
