THERMAL ORBIT NUMBER WITH LNO NADIR
1
2
4
6
8
10
11
14
21
23
26
29
31
34
36
39
42
44
45
48
51
53
54
56
58
61
63
66
70
73
76
78
82
83
87
90
93
96
98
100
103
104
107
108
111
113
115
118
122
124
126
129
132
134
136
138
140
141
144
146
148
150
153
156
159
163
167
169
172
174
176
179
181
184
188
192
194
196
198
202
205
209
211
213
217
220
224
226
229
233
236
242
245
248
250
253
255
258
261
265
267
269
271
274
277
280
282
285
288
290
293
296
300
302
305
308
310
312
316
319
322
324
329
331
335
337
339
341
