MRO time overlap (UTC),MRO subSC lat (deg),MRO subSC lon (deg),MRO S/C altitude (km),MRO LST (h),MRO Incidence angle (deg),MRO Emission angle (deg),MRO Phase angle (deg),TGO time overlap (UTC),UVIS nadir LOS surface intercept lat (deg),UVIS nadir LOS surface intercept lon (deg),TGO S/C altitude (km),UVIS nadir LOS surface intercept LST (h),UVIS nadir LOS surface intercept Incidence angle (deg),UVIS nadir LOS surface intercept Emission angle (deg),UVIS nadir LOS surface intercept Phase angle (deg)
2024 AUG 03 15:03:00,-34.5248,67.3757,254.3767,14.5778,36.9046,5.769e-14,36.9046,2024 AUG 03 14:45:00,-33.1742,71.1501,379.1232,14.5375,36.1305,0.54712,36.2179
2024 AUG 03 18:48:00,-32.6933,12.4542,256.7808,14.565,36.3915,2.5888e-14,36.3915,2024 AUG 03 18:42:00,-29.515,14.3218,381.2407,14.5922,36.2791,0.77393,35.6136
2024 AUG 03 22:33:00,-31.1466,-42.3962,256.0188,14.5572,36.0464,4.9682e-14,36.0464,2024 AUG 03 22:36:00,-35.0905,-45.1225,381.3339,14.4242,35.2413,0.85553,34.505
2024 AUG 03 22:33:00,-31.1466,-42.3962,256.0188,14.5572,36.0464,4.9682e-14,36.0464,2024 AUG 03 22:39:00,-26.2484,-42.7757,382.5062,14.6292,36.5705,1.0554,35.6884
2024 AUG 04 00:27:00,-25.3825,-70.4639,256.1502,14.5347,35.287,6.1837e-14,35.287,2024 AUG 04 00:36:00,-28.8885,-72.5638,381.3579,14.5408,35.5601,1.0501,36.5674
2024 AUG 04 04:12:00,-23.2829,-125.3055,257.5179,14.5275,35.2217,6.9464e-14,35.2217,2024 AUG 04 04:33:00,-25.1797,-129.3555,382.0368,14.5981,36.1489,0.33016,36.0603
2024 AUG 05 04:30:00,-25.836,-119.9033,256.8121,14.5319,35.3095,2.4013e-14,35.3095,2024 AUG 05 04:09:00,-22.0196,-115.3334,382.4691,14.4961,34.8834,5.3059,29.8482
2024 AUG 05 08:18:00,-14.2879,-176.0384,261.2117,14.4869,35.99,1.4312e-14,35.99,2024 AUG 05 08:06:00,-18.349,-172.9046,384.8287,14.5014,35.3638,1.5903,34.0243
2024 AUG 05 10:12:00,-8.6725,155.9543,263.4635,14.4686,37.4955,2.6847e-14,37.4955,2024 AUG 05 10:06:00,-12.2527,159.1158,386.0198,14.5819,37.8799,0.46264,38.0734
2024 AUG 05 12:03:00,-12.6907,129.1545,261.5329,14.4819,36.3489,1.4312e-14,36.3489,2024 AUG 05 12:03:00,-15.1456,130.0307,384.0818,14.5406,36.5345,3.742,33.2807
2024 AUG 05 13:57:00,-6.9396,101.1609,263.5431,14.4644,38.1117,4.2105e-14,38.1117,2024 AUG 05 14:03:00,-8.8102,101.289,385.2978,14.5703,38.8446,5.4165,43.6556
2024 AUG 05 15:48:00,-10.6503,74.3398,261.5625,14.4767,36.9009,2.642e-14,36.9009,2024 AUG 05 16:00:00,-11.4365,72.223,384.108,14.53,37.3941,2.5203,39.7543
2024 AUG 05 17:39:00,-14.3392,47.5101,260.7418,14.4881,35.9879,2.3155e-14,35.9879,2024 AUG 05 17:57:00,-14.0556,43.0981,383.7306,14.4858,36.0279,0.69603,36.2586
2024 AUG 06 23:42:00,9.8412,-32.3148,272.8715,14.4058,46.3659,2.0116e-14,46.3659,2024 AUG 06 23:33:00,7.7136,-27.7298,394.979,14.5656,46.8869,4.8024,50.3717
2024 AUG 07 03:24:00,2.1236,-85.9987,267.3974,14.4269,41.9307,1.1167e-14,41.9307,2024 AUG 07 03:27:00,2.2712,-85.8417,391.8803,14.4861,42.7543,1.8472,41.552
2024 AUG 07 05:15:00,-1.6198,-112.8231,265.5878,14.4389,40.1013,3.381e-14,40.1013,2024 AUG 07 05:24:00,-0.23114,-115.5094,390.6818,14.4058,40.382,1.4246,41.5597
2024 AUG 07 07:06:00,-5.3972,-139.6546,264.4653,14.4503,38.49,5.566e-15,38.49,2024 AUG 07 07:21:00,-2.9373,-144.3609,390.2345,14.3797,38.6741,3.6154,36.0766
2024 AUG 08 11:15:00,13.0083,168.5292,276.1154,14.3867,48.1138,2.7773e-14,48.1138,2024 AUG 08 10:57:00,12.5609,173.453,398.2643,14.4231,48.2089,5.9462,44.8552
2024 AUG 08 13:06:00,8.977,141.7109,273.1772,14.3989,45.5821,1.2821e-14,45.5821,2024 AUG 08 12:54:00,9.9039,143.2484,395.5807,14.3069,45.1442,1.1368,45.9591
2024 AUG 08 14:57:00,4.9972,114.8948,269.9909,14.4114,43.2696,2.3372e-14,43.2696,2024 AUG 08 14:51:00,7.1661,113.8241,392.7849,14.2428,42.6192,1.1591,43.4482
2024 AUG 08 16:48:00,1.1697,88.0684,267.1489,14.4231,41.2447,2.0754e-15,41.2447,2024 AUG 08 16:48:00,4.5418,84.5577,390.9578,14.1889,40.326,0.32701,40.6497
2024 AUG 09 02:18:00,29.5674,-52.0544,286.9865,14.3256,59.7032,6.9099e-14,59.7032,2024 AUG 09 02:45:00,26.44,-55.948,406.6675,14.5036,58.8305,0.3344,58.9684
2024 AUG 09 02:21:00,39.0824,-53.427,294.0909,14.2825,67.0357,5.7952e-14,67.0357,2024 AUG 09 02:48:00,35.1459,-53.6209,412.6048,14.7075,67.0937,0.092318,67.0047
2024 AUG 09 04:12:00,35.2711,-80.2128,291.3108,14.2969,64.0228,2.2935e-14,64.0228,2024 AUG 09 04:45:00,32.6149,-83.301,410.7159,14.6264,64.5131,0.055021,64.4654
2024 AUG 09 22:48:00,15.9898,9.4227,278.1049,14.3714,49.851,3.9213e-14,49.851,2024 AUG 09 22:21:00,17.5863,13.0985,400.5464,14.1786,49.0834,1.5074,48.3087
2024 AUG 10 00:39:00,11.9726,-17.3881,274.7512,14.3842,47.2241,1.9412e-14,47.2241,2024 AUG 10 00:18:00,14.7281,-16.1087,398.8664,14.1289,46.4726,4.2236,44.3578
2024 AUG 10 00:42:00,21.5348,-18.5911,281.1572,14.3525,53.6691,1.4575e-14,53.6691,2024 AUG 10 00:21:00,23.5692,-14.5376,404.4721,14.2822,54.5588,2.188,53.5186
2024 AUG 10 02:33:00,17.5806,-45.4182,277.9644,14.3642,50.8887,9.7773e-14,50.8887,2024 AUG 10 02:18:00,20.946,-44.556,402.9513,14.1783,51.6039,1.9719,52.6169
2024 AUG 10 04:24:00,13.7347,-72.2639,274.9718,14.3747,48.2955,5.8733e-14,48.2955,2024 AUG 10 04:15:00,18.2393,-73.4799,401.2929,14.1475,49.2485,3.0315,47.7964
2024 AUG 10 12:03:00,46.2407,173.9781,300.2315,14.2344,72.463,1.0843e-13,72.463,2024 AUG 10 12:15:00,42.7345,177.1345,418.5598,14.6397,72.1766,0.11493,72.0642
2024 AUG 10 13:54:00,42.2967,147.3167,297.3387,14.2572,69.3024,5.6628e-14,69.3024,2024 AUG 10 14:12:00,40.0477,147.1669,415.5923,14.5392,69.3643,0.11594,69.2522
2024 AUG 10 15:39:00,19.3116,123.2297,279.5149,14.3544,51.9755,2.8448e-14,51.9755,2024 AUG 11 15:39:00,23.1815,126.5492,402.9689,13.9289,51.0206,1.5138,50.3773
2024 AUG 10 15:45:00,38.3726,120.5997,293.4201,14.2764,66.1857,7.119e-14,66.1857,2024 AUG 10 16:09:00,37.4229,117.3092,412.4609,14.4461,66.6145,0.11481,66.5055
2024 AUG 10 19:36:00,59.401,61.8892,306.0425,14.1086,83.0164,4.1743e-14,83.0164,2024 AUG 10 20:06:00,57.4161,61.4045,415.9835,14.5628,83.2923,76.1733,34.5328
2024 AUG 11 12:15:00,25.0779,-177.8112,284.0159,14.3297,55.9409,3.1335e-14,55.9409,2024 AUG 11 11:45:00,28.7207,-174.4676,408.8891,14.0661,56.6493,0.27922,56.6957
2024 AUG 11 14:06:00,21.1181,155.3942,281.1491,14.3436,53.0831,1.5903e-14,53.0831,2024 AUG 11 13:42:00,25.9298,156.0822,406.3011,14.0003,53.8452,1.1334,53.3683
2024 AUG 11 23:36:00,49.7813,14.6414,301.4174,14.2042,75.0454,3.6124e-14,75.0454,2024 AUG 11 23:39:00,47.5268,18.4368,420.7013,14.5058,74.8712,0.1263,74.7503
2024 AUG 12 01:27:00,45.8313,-11.9305,297.9671,14.2331,71.8716,9.1354e-15,71.8716,2024 AUG 12 01:36:00,44.8382,-11.7634,418.9406,14.39,71.9835,0.13226,71.8577
2024 AUG 12 03:18:00,41.8902,-38.6158,294.8538,14.2542,68.7109,1.4224e-14,68.7109,2024 AUG 12 03:33:00,42.2181,-41.8324,417.5655,14.2828,69.1608,0.13574,69.033
2024 AUG 12 23:48:00,28.6569,23.0238,286.7798,14.3111,58.3416,2.7727e-14,58.3416,2024 AUG 12 23:09:00,33.6149,26.0336,411.2438,13.8794,59.2179,0.082143,59.1452
2024 AUG 13 11:06:00,43.6883,-143.0492,296.6426,14.2353,69.8821,3.1964e-14,69.8821,2024 AUG 13 11:00:00,43.8533,-144.0841,419.1107,14.0689,69.0546,0.16438,68.9124
2024 AUG 13 11:09:00,53.1705,-144.7826,302.9354,14.1683,77.5047,7.9768e-14,77.5047,2024 AUG 13 11:03:00,52.1418,-139.9081,424.3283,14.3961,77.7671,1.2,78.9208
2024 AUG 13 12:57:00,39.8207,-169.7057,295.1019,14.2583,66.8213,6.0011e-14,66.8213,2024 AUG 13 12:57:00,41.1962,-174.0625,417.6525,13.9678,66.1904,0.13563,66.0594
2024 AUG 13 13:00:00,49.3064,-171.2914,301.8666,14.2014,74.3826,5.3982e-14,74.3826,2024 AUG 13 13:00:00,49.6794,-170.2524,423.2172,14.2706,75.0589,0.14062,74.9294
2024 AUG 13 14:51:00,45.3598,162.1008,299.6148,14.2275,71.2045,3.8167e-14,71.2045,2024 AUG 13 14:57:00,47.0356,159.4392,420.7888,14.1475,72.1659,0.14888,72.0291
2024 AUG 14 20:48:00,50.3386,84.2618,300.4795,14.1819,74.9412,9.4565e-14,74.9412,2024 AUG 14 20:27:00,51.015,87.3995,421.69,14.0506,74.8806,0.15427,74.744
2024 AUG 14 20:51:00,59.805,82.1507,306.0806,14.0897,82.6286,1.1901e-14,82.6286,2024 AUG 13 20:54:00,56.3159,78.2256,425.4297,14.5231,81.733,0.11671,81.6301
2024 AUG 14 22:39:00,46.7075,57.6335,299.0063,14.2069,72.004,2.2935e-14,72.004,2024 AUG 14 22:24:00,48.5814,57.2072,421.3992,13.9353,72.2077,0.16305,72.0633
2024 AUG 15 00:30:00,42.9636,31.0275,297.4352,14.2333,69.0255,1.9083e-14,69.0255,2024 AUG 15 00:21:00,45.9256,27.0721,419.5652,13.8236,69.3239,0.24181,69.1572
2024 AUG 15 11:45:00,48.4589,-133.7812,299.4057,14.1933,73.313,2.6228e-14,73.313,2024 AUG 16 11:45:00,50.6611,-131.4141,422.9756,13.705,72.7814,0.1779,72.6314
2024 AUG 15 13:42:00,63.5859,-164.5253,309.8506,14.0411,85.6141,1.9878e-14,85.6141,2024 AUG 15 14:12:00,61.3192,-164.5233,430.0243,14.5278,85.5041,0.1085,85.4232
2024 AUG 16 06:27:00,48.0425,-46.6597,299.2427,14.1981,72.8617,8.2019e-14,72.8617,2024 AUG 16 05:51:00,49.6392,-45.2465,422.3474,13.7083,71.916,0.18211,71.764
2024 AUG 16 08:21:00,53.7153,-75.1464,302.9324,14.1478,77.3994,7.1119e-15,77.3994,2024 AUG 16 07:51:00,55.4767,-70.5287,425.5866,13.9689,78.1553,0.22815,78.3562
2024 AUG 16 23:21:00,61.428,64.52,306.43,14.055,83.5498,2.3801e-14,83.5498,2024 AUG 16 23:36:00,60.325,62.3998,428.4054,14.1569,82.9691,0.13412,82.8693
2024 AUG 17 03:06:00,63.4239,9.558,309.0323,14.04,85.203,1.1495e-14,85.203,2024 AUG 17 03:33:00,63.1516,7.9761,429.0951,14.3725,86.1243,0.11656,86.0475
2024 AUG 18 10:54:00,65.0195,-95.281,309.1176,13.995,86.2226,2.1221e-14,86.2226,2024 AUG 18 11:00:00,64.5916,-93.1393,429.1819,14.2353,86.6157,0.12428,86.543
2024 AUG 18 12:45:00,61.3859,-121.4164,306.4839,14.0531,83.2374,4.6879e-14,83.2374,2024 AUG 18 12:57:00,61.8314,-125.6938,429.2228,13.9625,83.3163,4.8213,88.1335
2024 AUG 19 20:33:00,62.7046,134.2506,310.251,14.0422,84.1111,1.5903e-14,84.1111,2024 AUG 19 20:24:00,62.9353,132.5657,428.3031,13.7839,83.5088,5.015,88.4912
2024 AUG 21 04:21:00,64.5884,29.4571,310.3018,14.0008,85.3817,1.0058e-14,85.3817,2024 AUG 21 03:51:00,64.7243,32.416,430.3293,13.7114,84.6834,0.15736,84.5956
2024 AUG 21 09:57:00,62.3708,-51.7099,308.0234,14.0389,83.536,1.4224e-14,83.536,2024 AUG 21 09:45:00,64.5894,-55.0602,430.8375,13.6211,84.2839,8.3369,92.4321
2024 AUG 22 17:45:00,64.6575,-156.5359,309.2932,13.9958,85.1473,3.7532e-14,85.1473,2024 AUG 22 17:12:00,66.5552,-154.296,432.484,13.61,85.8129,0.16442,85.7333
2024 AUG 24 19:21:00,-72.5588,16.6138,252.4789,1.8061,88.7369,2.8625e-14,88.7369,2024 AUG 24 19:21:00,-71.6506,20.5957,379.5658,2.0717,88.969,3.7033,92.67
2024 AUG 26 07:48:00,70.1671,25.479,313.1061,13.8681,88.9888,1.7128e-14,88.9888,2024 AUG 26 07:42:00,70.371,22.801,432.4768,13.5922,88.5927,5.902,94.4926
2024 AUG 27 21:12:00,70.3961,-160.5954,312.3105,13.8589,88.8782,5.5415e-14,88.8782,2024 AUG 27 21:03:00,71.8182,-161.422,434.139,13.6578,89.7408,6.3031,96.0422
2024 AUG 28 11:15:00,-74.6249,172.2084,253.6484,1.7186,87.7326,1.6081e-14,87.7326,2024 AUG 28 11:48:00,-73.6444,167.6892,378.6113,1.9525,88.1844,1.456,89.6328
2024 AUG 30 00:39:00,-74.8278,-13.7977,251.4076,1.7142,87.855,1.7439e-14,87.855,2024 AUG 30 01:09:00,-74.6433,-14.863,379.8402,2.1297,87.2669,0.41667,87.6565
