THERMAL ORBIT NUMBER WITH LNO NADIR
1
5
7
9
11
13
15
17
21
25
27
31
33
37
39
41
43
45
47
49
53
55
57
59
63
65
67
68
70
72
75
77
78
81
84
88
90
92
93
96
97
100
102
103
105
107
109
112
113
115
117
120
121
124
126
128
130
133
136
137
139
141
142
145
146
149
151
155
158
161
162
164
167
168
169
173
175
177
179
181
182
185
186
191
193
195
197
199
201
203
205
207
210
212
216
219
220
223
225
229
232
235
236
238
240
241
244
246
248
250
254
255
259
261
262
264
265
267
270
272
274
277
278
280
283
284
286
289
291
292
294
295
297
298
301
303
306
307
309
312
313
315
317
319
321
325
327
330
331
333
336
339
341
