"TC20 UVIS_COP_ROW"
80
-1
-1
85
80
89
-1
-1
80
-1
-1
-1
-1
-1
-1
-1
-1
80
-1
-1
80
-1
-1
85
-1
-1
89
-1
80
89
-1
89
89
-1
85
89
-1
89
72
-1
-1
85
85
-1
89
85
85
-1
85
89
-1
-1
-1
85
-1
-1
-1
95
-1
-1
-1
-1
85
-1
89
89
72
89
89
95
85
89
-1
-1
-1
-1
-1
85
95
89
-1
85
89
85
-1
-1
89
85
89
89
85
89
85
-1
89
-1
-1
-1
85
-1
-1
89
-1
85
-1
95
-1
-1
85
-1
-1
-1
-1
89
95
85
-1
95
-1
89
85
-1
-1
95
89
-1
89
-1
89
-1
89
-1
-1
89
-1
-1
-1
89
-1
85
89
-1
89
-1
-1
89
-1
-1
89
-1
-1
-1
-1
-1
-1
-1
-1
-1
-1
89
-1
-1
89
72
-1
-1
89
89
-1
-1
-1
95
89
-1
89
-1
-1
-1
89
-1
-1
-1
-1
85
89
-1
89
89
-1
-1
-1
-1
-1
-1
-1
-1
89
89
-1
89
-1
-1
89
85
-1
89
-1
-1
85
89
-1
-1
72
-1
89
-1
89
-1
89
85
-1
89
95
89
85
-1
-1
89
-1
89
-1
-1
-1
89
-1
-1
-1
-1
-1
89
-1
-1
-1
-1
85
-1
-1
89
-1
-1
-1
-1
-1
-1
-1
-1
-1
89
95
-1
-1
95
-1
89
95
89
85
95
89
-1
95
89
89
-1
-1
89
-1
-1
89
-1
-1
89
95
89
-1
-1
-1
89
-1
-1
-1
-1
89
89
89
89
89
-1
-1
89
-1
89
-1
89
85
89
-1
-1
-1
-1
-1
89
-1
-1
-1
95
89
89
-1
85
85
89
89
89
85
89
85
95
-1
89
-1
72
89
95
89
-1
89
89
89
85
89
