THERMAL ORBIT NUMBER WITH LNO NADIR
1
2
4
6
12
15
16
18
21
24
27
29
30
33
35
36
38
40
42
45
48
51
52
54
56
62
65
68
69
73
74
77
78
81
83
84
87
90
93
95
96
98
99
102
103
106
108
110
111
114
117
119
120
122
123
126
129
130
132
135
136
138
140
142
144
146
148
151
154
155
157
159
160
163
164
167
169
170
173
174
176
179
180
182
185
186
188
191
193
194
197
199
200
203
205
207
209
211
213
215
217
219
222
223
225
227
229
231
232
236
238
240
242
244
246
248
250
252
254
255
258
260
262
264
266
268
270
272
274
276
278
280
282
284
286
288
290
292
294
296
298
300
302
304
306
308
310
312
314
316
318
320
322
324
326
328
330
332
334
336
338
340
341
