MRO time overlap (UTC),MRO subSC lat (deg),MRO subSC lon (deg),MRO S/C altitude (km),MRO LST (h),MRO Incidence angle (deg),MRO Emission angle (deg),MRO Phase angle (deg),TGO time overlap (UTC),UVIS nadir LOS surface intercept lat (deg),UVIS nadir LOS surface intercept lon (deg),TGO S/C altitude (km),UVIS nadir LOS surface intercept LST (h),UVIS nadir LOS surface intercept Incidence angle (deg),UVIS nadir LOS surface intercept Emission angle (deg),UVIS nadir LOS surface intercept Phase angle (deg)
2025 APR 12 02:27:00,54.4185,152.7096,306.0435,15.0256,45.8389,3.2591e-14,45.8389,2025 APR 12 02:09:00,58.0266,153.9555,426.6611,14.8167,45.9763,4.1751,48.6815
2025 APR 12 11:51:00,64.223,13.7177,310.4645,14.9094,49.8233,3.4265e-14,49.8233,2025 APR 12 12:00:00,61.7507,14.1435,428.0794,15.0839,49.5332,0.072427,49.5912
2025 APR 14 01:15:00,64.534,-172.3097,311.4918,14.9125,49.9115,4.7708e-15,49.9115,2025 APR 14 01:21:00,63.8026,-173.479,430.7261,14.9319,49.6124,1.5747,50.3936
2025 APR 14 23:39:00,57.0869,-137.9762,305.6535,15.0056,46.6683,2.2264e-14,46.6683,2025 APR 14 22:57:00,61.1523,-134.0786,429.299,14.5839,46.0862,2.2073,45.5334
2025 APR 15 09:03:00,66.3696,82.7521,309.3833,14.8706,50.6624,3.9757e-16,50.6624,2025 APR 15 08:48:00,64.9658,86.0773,429.9773,14.8489,49.7415,1.6764,49.1701
2025 APR 15 14:39:00,64.7423,1.6593,309.9916,14.9153,49.944,5.1397e-14,49.944,2025 APR 15 14:42:00,65.5083,-0.29484,430.3493,14.8339,49.9643,0.36231,50.1867
2025 APR 16 22:27:00,67.0455,-103.5276,309.4836,14.8567,50.8969,4.498e-15,50.8969,2025 APR 16 22:09:00,66.8901,-101.21,430.5003,14.7192,50.1718,1.0567,50.6199
2025 APR 17 04:03:00,65.3973,175.4392,310.9339,14.9056,50.1654,2.5891e-14,50.1654,2025 APR 17 04:03:00,67.2452,173.5591,431.6168,14.7803,50.6518,1.0996,50.4079
2025 APR 18 11:51:00,67.7555,70.2965,309.2724,14.8497,51.1936,2.5044e-14,51.1936,2025 APR 18 11:30:00,68.59,73.2482,432.0606,14.7058,51.0909,0.5101,51.0538
2025 APR 18 17:27:00,66.0245,-10.6224,310.1022,14.9061,50.432,2.299e-14,50.432,2025 APR 18 17:24:00,69.0821,-13.0137,431.9152,14.6981,51.3599,1.0017,51.6174
2025 APR 20 01:15:00,68.1182,-115.8084,310.3812,14.8475,51.3097,1.3114e-14,51.3097,2025 APR 20 00:51:00,70.2817,-112.1166,432.3008,14.7044,52.0835,0.077686,52.0927
2025 APR 20 18:06:00,72.0776,-3.083,312.1554,14.7642,53.4276,8.9982e-15,53.4276,2025 APR 20 18:33:00,71.6918,-7.349,432.9865,14.9178,53.727,1.1008,53.7711
2025 APR 22 01:54:00,74.3891,-109.0998,311.4363,14.65,54.5437,1.4224e-14,54.5437,2025 APR 22 02:00:00,72.7947,-105.9827,433.4617,14.955,54.4631,0.093405,54.4887
2025 APR 23 15:18:00,75.223,64.3623,311.2014,14.6186,54.9503,2.9709e-14,54.9503,2025 APR 23 15:18:00,73.5693,65.5841,431.3191,14.7,54.0461,50.9964,5.339
2025 APR 25 00:57:00,73.6326,-65.5134,313.0197,14.7144,54.0581,2.163e-14,54.0581,2025 APR 25 00:45:00,73.1873,-64.754,431.9925,14.5706,53.313,1.929,53.7282
2025 APR 25 06:33:00,72.1294,-146.5096,311.4529,14.7658,53.2184,3.1365e-14,53.2184,2025 APR 25 06:39:00,73.4741,-149.432,434.2851,14.6683,53.7964,1.8326,54.2387
2025 APR 26 14:21:00,74.0645,108.1475,312.1951,14.6964,54.2146,1.9878e-14,54.2146,2025 APR 26 14:06:00,74.4778,112.4447,433.5217,14.7394,54.6209,0.12855,54.6204
2025 APR 28 05:36:00,71.3072,-103.596,310.1911,14.785,52.61,7.1119e-15,52.61,2025 APR 28 05:24:00,74.1373,-107.4513,434.1628,14.3333,53.1667,1.012,53.4365
2025 APR 29 13:24:00,73.8954,151.1956,314.0344,14.7247,54.0429,2.4482e-14,54.0429,2025 APR 29 12:51:00,74.7618,153.9402,431.9724,14.3722,53.673,0.85866,53.932
2025 APR 30 06:15:00,77.7595,-98.2766,313.9614,14.4944,56.1492,1.4312e-14,56.1492,2025 APR 30 06:33:00,75.5637,-96.7691,434.5942,14.8869,55.583,0.32206,55.4311
2025 APR 30 11:51:00,76.1932,-178.1295,314.5978,14.6219,55.2989,3.3997e-14,55.2989,2025 APR 30 12:27:00,75.7523,178.9469,432.6735,15.0108,56.0412,0.3713,55.867
2025 MAY 03 10:54:00,75.6289,-135.3377,310.9033,14.6328,54.8036,2.163e-14,54.8036,2025 MAY 03 11:12:00,75.6954,-138.8529,434.7441,14.6903,55.0002,0.76414,55.3908
2025 MAY 05 00:18:00,76.5606,37.9332,313.5513,14.5881,55.2893,2.5642e-14,55.2893,2025 MAY 05 00:33:00,75.8247,40.0527,434.0173,14.9728,55.7923,0.12486,55.8404
2025 MAY 06 09:57:00,74.8986,-91.9899,313.9741,14.6803,54.3132,3.1807e-14,54.3132,2025 MAY 06 09:57:00,75.8102,-95.8697,434.941,14.4217,54.2917,0.13595,54.3218
2025 MAY 07 23:21:00,75.6552,81.4292,311.8675,14.6456,54.6875,2.0811e-14,54.6875,2025 MAY 07 23:18:00,75.6486,83.4614,433.2212,14.7322,54.9125,0.12695,54.9514
2025 MAY 10 22:24:00,75.568,124.5997,315.0848,14.6811,54.6273,1.8132e-14,54.6273,2025 MAY 10 22:03:00,75.4686,126.3992,434.4505,14.4603,53.9872,0.13167,54.0162
