MRO time overlap (UTC),MRO subSC lat (deg),MRO subSC lon (deg),MRO S/C altitude (km),MRO LST (h),MRO Incidence angle (deg),MRO Emission angle (deg),MRO Phase angle (deg),TGO time overlap (UTC),UVIS nadir LOS surface intercept lat (deg),UVIS nadir LOS surface intercept lon (deg),TGO S/C altitude (km),UVIS nadir LOS surface intercept LST (h),UVIS nadir LOS surface intercept Incidence angle (deg),UVIS nadir LOS surface intercept Emission angle (deg),UVIS nadir LOS surface intercept Phase angle (deg)
2020 OCT 03 02:03:00,-9.6774,93.1553,261.3065,14.8328,42.8033,1.414e-14,42.8033,2020 OCT 03 01:33:00,-5.3875,97.8106,387.4954,14.6567,42.4438,1.8294,43.9419
2020 OCT 03 09:39:00,13.8146,-18.9143,275.5716,14.7553,55.2236,4.6879e-14,55.2236,2020 OCT 03 09:30:00,10.4466,-14.8226,397.0882,14.8822,54.3903,1.0567,55.1263
2020 OCT 03 11:30:00,9.9864,-45.75,272.5182,14.7661,52.7735,1.5003e-14,52.7735,2020 OCT 03 11:27:00,7.6888,-44.1633,395.7979,14.8233,51.953,0.75978,51.5501
2020 OCT 03 13:24:00,15.8502,-73.8091,276.1645,14.7439,56.5002,3.4986e-14,56.5002,2020 OCT 03 13:27:00,13.8731,-71.9518,399.3459,14.9164,57.0021,0.12084,57.0733
2020 OCT 03 15:15:00,12.244,-100.6397,273.568,14.755,54.1411,1.8883e-14,54.1411,2020 OCT 03 15:24:00,11.3324,-101.409,397.5766,14.8497,54.5843,0.1477,54.6807
2020 OCT 03 17:06:00,8.6521,-127.4528,271.5189,14.7672,51.9083,5.6561e-14,51.9083,2020 OCT 03 17:21:00,8.7811,-130.8431,396.7153,14.7844,52.1875,0.17623,52.3093
2020 OCT 04 02:24:00,-0.66136,97.2504,265.7888,14.7953,46.6589,1.2723e-14,46.6589,2020 OCT 04 02:18:00,1.2949,96.3636,382.3814,14.6389,45.8275,175.0136,130.3506
2020 OCT 04 19:15:00,4.4935,-148.985,269.3478,14.7722,49.3166,8.996e-15,49.3166,2020 OCT 04 18:54:00,9.4643,-147.1734,397.4149,14.5525,49.9793,0.65264,50.4452
2020 OCT 05 06:36:00,30.1117,43.9396,287.253,14.6761,66.2463,3.1806e-14,66.2463,2020 OCT 05 06:48:00,28.5831,43.5748,408.2838,14.8464,66.5627,0.074816,66.5018
2020 OCT 05 08:27:00,26.3753,17.2116,284.8839,14.6942,63.5531,4.8861e-14,63.5531,2020 OCT 05 08:45:00,25.8453,13.9026,406.5316,14.7653,63.7982,0.061944,63.7561
2020 OCT 06 06:51:00,20.1327,50.5357,279.3435,14.7081,59.0025,4.0731e-14,59.0025,2020 OCT 06 06:21:00,23.1421,54.7366,404.0635,14.5017,59.3101,0.42433,59.1057
2020 OCT 06 20:03:00,41.8291,-143.5964,295.3735,14.6081,74.8116,4.5871e-14,74.8116,2020 OCT 06 20:12:00,39.3786,-143.0253,416.1842,14.7919,74.1732,0.11009,74.0662
2020 OCT 06 21:54:00,38.0925,-170.2703,293.8439,14.6297,71.9781,3.1845e-14,71.9781,2020 OCT 06 22:09:00,36.729,-172.9567,414.6981,14.6939,71.3772,0.10899,71.2734
2020 OCT 07 01:39:00,39.9306,134.8418,295.1461,14.6189,73.3471,7.9958e-14,73.3471,2020 OCT 07 02:06:00,39.9354,130.2732,414.5173,14.7519,74.2918,0.1135,74.1817
2020 OCT 07 20:18:00,31.6469,-136.8362,288.1779,14.6511,67.0133,6.3928e-14,67.0133,2020 OCT 07 19:45:00,34.0094,-132.3866,412.5313,14.4128,67.0489,0.11935,66.9428
2020 OCT 08 13:12:00,45.5698,-24.5646,298.1617,14.5778,77.4679,3.8299e-14,77.4679,2020 OCT 08 13:30:00,44.5876,-28.8658,418.757,14.5831,76.7055,0.12933,76.5817
2020 OCT 10 04:30:00,53.5651,120.7275,303.3173,14.4989,83.3888,3.4841e-14,83.3888,2020 OCT 10 04:51:00,52.1164,116.2989,421.6871,14.5442,82.4313,3.7411,86.0946
2020 OCT 10 08:15:00,55.8977,65.5413,303.4388,14.4681,85.1494,7.0852e-14,85.1494,2020 OCT 10 08:48:00,55.1147,60.7023,425.4449,14.6806,85.5423,7.8075,93.2169
2020 OCT 12 18:12:00,55.5298,-60.2057,304.8523,14.465,84.5689,3.2435e-14,84.5689,2020 OCT 12 17:48:00,56.8542,-57.584,426.4542,14.2506,84.7314,6.9545,91.677
2020 OCT 14 11:21:00,59.9715,58.1941,306.5622,14.3939,87.7546,5.0188e-14,87.7546,2020 OCT 14 11:06:00,61.6166,59.7013,429.0684,14.2511,88.5972,12.1454,100.7215
2020 OCT 15 01:24:00,-64.9168,32.0236,251.7402,2.3189,88.4422,2.3801e-14,88.4422,2020 OCT 15 01:51:00,-64.4535,27.0828,381.0145,2.4272,88.4612,6.8374,95.2652
2020 OCT 17 11:21:00,-64.78,-93.9496,251.1329,2.3019,88.9094,5.5569e-14,88.9094,2020 OCT 17 10:51:00,-66.2378,-89.4183,379.8172,2.1178,88.2353,8.6037,96.6227
2020 OCT 19 00:45:00,-67.0349,79.4419,249.0892,2.2497,87.3635,2.1819e-14,87.3635,2020 OCT 19 00:12:00,-67.9488,84.3976,381.207,2.045,87.1494,7.1119,93.9174
2020 OCT 22 09:09:00,-71.0566,-15.4749,251.3326,2.1478,84.6501,5.9167e-14,84.6501,2020 OCT 22 08:48:00,-70.9275,-13.2469,381.6888,1.9556,85.2041,0.39779,85.5764
2020 OCT 27 08:48:00,-74.0429,35.9261,251.8203,1.9917,83.1124,9.6733e-15,83.1124,2020 OCT 27 08:42:00,-73.3603,34.983,381.4782,1.8317,84.0158,0.35015,84.3297
