THERMAL ORBIT NUMBER WITH LNO NADIR
1
2
4
6
8
9
11
13
15
16
18
19
21
23
24
26
28
29
30
31
32
33
35
36
38
39
41
43
45
46
48
50
51
53
54
56
58
60
61
63
64
66
68
69
71
73
75
76
77
78
79
81
82
84
87
88
90
91
93
94
95
96
98
100
101
103
105
106
107
108
109
110
111
113
115
116
118
119
121
122
123
124
126
127
129
131
132
134
135
137
139
141
143
145
147
148
150
152
153
155
156
158
160
161
163
165
167
168
169
172
174
176
177
179
181
183
185
193
202
206
214
218
226
230
240
248
252
258
264
274
278
290
300
308
314
316
318
319
320
322
324
326
328
330
332
334
335
336
338
340
