THERMAL ORBIT NUMBER WITH LNO NADIR
1
6
8
10
12
15
16
19
21
23
25
28
30
32
36
38
40
42
45
48
50
52
55
57
60
61
63
66
68
69
73
76
78
81
83
87
88
90
93
94
96
98
103
105
110
112
114
117
119
124
128
131
133
135
137
140
142
144
147
150
151
153
156
158
160
162
164
167
172
173
175
177
180
182
184
187
190
191
194
197
199
202
204
206
211
213
215
217
220
222
224
226
228
229
231
234
236
238
239
241
243
245
247
249
251
253
257
260
264
266
268
270
272
274
277
279
281
284
285
287
289
290
292
294
297
299
301
303
306
307
309
311
314
316
319
322
324
327
329
334
336
338
339
