MRO time overlap (UTC),MRO subSC lat (deg),MRO subSC lon (deg),MRO S/C altitude (km),MRO LST (h),MRO Incidence angle (deg),MRO Emission angle (deg),MRO Phase angle (deg),TGO time overlap (UTC),UVIS nadir LOS surface intercept lat (deg),UVIS nadir LOS surface intercept lon (deg),TGO S/C altitude (km),UVIS nadir LOS surface intercept LST (h),UVIS nadir LOS surface intercept Incidence angle (deg),UVIS nadir LOS surface intercept Emission angle (deg),UVIS nadir LOS surface intercept Phase angle (deg)
2022 AUG 06 14:54:00,-71.543,-96.4323,250.7554,15.3267,54.4753,1.6603e-14,54.4753,2022 AUG 06 14:39:00,-71.0388,-95.155,380.6506,15.1686,53.5719,0.40916,53.6051
2022 AUG 10 04:57:00,-65.2616,85.1486,251.706,15.1425,50.6023,1.7243e-14,50.6023,2022 AUG 10 05:09:00,-66.333,82.7515,379.7536,15.1772,51.3243,1.6986,53.0129
2022 AUG 11 18:21:00,-64.6032,-101.0606,250.5625,15.1119,50.199,1.3138e-14,50.199,2022 AUG 11 18:30:00,-64.6812,-102.4272,379.275,15.1669,50.54,4.663,45.8945
2022 AUG 13 02:09:00,-62.4937,153.9371,251.1777,15.0478,48.8597,4.6555e-14,48.8597,2022 AUG 13 01:57:00,-63.0001,156.0132,380.7035,14.9917,48.7869,1.7491,47.0598
2022 AUG 13 05:54:00,-60.5652,99.0075,251.4976,15.0339,47.8435,8.9229e-14,47.8435,2022 AUG 13 05:54:00,-60.0348,101.049,379.7867,15.17,48.4899,0.7224,49.034
2022 AUG 13 11:30:00,-62.2194,17.4502,252.6432,15.0447,48.7299,1.0668e-14,48.7299,2022 AUG 13 11:48:00,-59.1265,16.0178,378.7107,15.2408,48.6034,2.9491,45.6707
2022 AUG 14 09:57:00,-59.8466,49.3581,251.2327,15.0119,47.4333,2.736e-14,47.4333,2022 AUG 14 09:24:00,-61.8326,54.2577,378.9544,14.8033,47.1589,0.46951,47.1516
2022 AUG 14 23:03:00,-57.6471,-142.2927,252.2737,14.9794,46.2207,5.4442e-14,46.2207,2022 AUG 14 23:12:00,-54.2493,-142.1435,379.5449,15.1353,45.9912,3.9251,49.913
2022 AUG 16 06:51:00,-55.2334,113.1326,251.5914,14.9439,44.9713,5.0715e-14,44.9713,2022 AUG 16 06:39:00,-53.2791,116.0849,379.8253,14.9461,44.166,0.53175,44.1825
2022 AUG 16 10:36:00,-52.8161,58.0942,250.4192,14.9231,43.7981,6.9464e-14,43.7981,2022 AUG 16 10:36:00,-49.9207,60.693,378.5265,15.0961,44.2505,1.8532,42.4485
2022 AUG 17 18:24:00,-50.4638,-46.5405,251.206,14.8839,42.6261,6.6259e-14,42.6261,2022 AUG 17 18:03:00,-48.5452,-41.6315,381.0805,14.8706,41.8025,2.1127,39.6979
2022 AUG 17 22:09:00,-48.2619,-101.4366,249.7882,14.8722,41.7296,6.8971e-14,41.7296,2022 AUG 17 22:00:00,-45.0375,-98.2438,379.3539,14.9392,41.3763,0.88659,42.2383
2022 AUG 18 01:54:00,-46.0854,-156.5051,252.0211,14.8492,40.7973,6.9464e-14,40.7973,2022 AUG 18 01:54:00,-50.0597,-158.4692,380.7424,14.7183,41.0406,0.55237,41.3599
2022 AUG 18 01:54:00,-46.0854,-156.5051,252.0211,14.8492,40.7973,6.9464e-14,40.7973,2022 AUG 18 01:57:00,-41.3924,-154.5451,381.1042,15.0286,41.4889,0.61362,41.9937
2022 AUG 18 05:39:00,-44.3614,148.5617,251.4861,14.8353,40.1467,4.0731e-14,40.1467,2022 AUG 18 05:51:00,-46.9022,145.6635,380.1898,14.8367,40.9491,3.0174,37.9346
2022 AUG 19 15:21:00,-35.6844,15.958,254.2585,14.78,37.8061,1.7493e-14,37.8061,2022 AUG 19 15:18:00,-39.2067,16.5471,380.0616,14.7708,38.2654,0.49321,37.8863
2022 AUG 19 17:12:00,-39.6847,-10.7691,253.8401,14.7981,38.6752,2.4275e-14,38.6752,2022 AUG 19 17:15:00,-41.9685,-13.3967,381.1862,14.6717,37.8442,0.70623,37.2025
2022 AUG 19 20:57:00,-37.7727,-65.6339,251.7842,14.7886,38.2195,4.2672e-14,38.2195,2022 AUG 19 21:12:00,-38.6941,-69.7752,380.5859,14.7558,38.0065,3.0615,34.9745
2022 AUG 20 23:09:00,-32.9399,-88.4326,252.2136,14.7578,37.3253,2.2977e-14,37.3253,2022 AUG 20 22:48:00,-29.0886,-83.9478,381.0515,14.7161,36.6966,3.3817,40.0633
2022 AUG 21 01:03:00,-26.8997,-116.5379,254.1416,14.7325,37.0102,5.2165e-14,37.0102,2022 AUG 21 00:45:00,-31.6758,-113.249,380.2505,14.66,36.018,1.1597,37.1774
2022 AUG 21 02:57:00,-20.9178,-144.637,256.6874,14.7078,37.5044,9.5628e-14,37.5044,2022 AUG 21 02:45:00,-25.3734,-140.6251,382.5105,14.7806,37.7924,1.3032,39.0935
2022 AUG 21 04:48:00,-24.7714,-171.4668,255.4182,14.7189,37.031,2.249e-14,37.031,2022 AUG 21 04:42:00,-27.9807,-170.3806,382.6882,14.6939,36.4425,2.7252,39.132
2022 AUG 21 08:33:00,-22.968,133.7041,255.6638,14.7117,37.1885,2.6988e-14,37.1885,2022 AUG 21 08:39:00,-24.7447,132.5786,381.7684,14.7342,37.2424,1.7037,38.9229
2022 AUG 21 10:24:00,-26.7937,106.9513,254.3742,14.7281,36.9676,3.0005e-14,36.9676,2022 AUG 21 10:36:00,-27.5505,103.3389,380.539,14.6819,36.3077,1.1587,35.2666
2022 AUG 21 12:18:00,-20.7556,78.8904,255.5741,14.7058,37.515,2.5044e-14,37.515,2022 AUG 21 12:36:00,-21.1901,75.3887,381.3034,14.7642,38.2262,3.0875,41.2229
2022 AUG 22 12:36:00,-21.8577,84.2039,254.9822,14.7008,37.2399,3.1325e-14,37.2399,2022 AUG 22 12:12:00,-17.9999,89.0569,382.0885,14.635,37.2004,0.66228,37.8626
2022 AUG 22 18:18:00,-4.1559,0.10153,263.9786,14.6392,42.7883,2.388e-15,42.7883,2022 AUG 22 18:09:00,-8.0024,3.7185,387.403,14.7344,42.1772,4.2869,45.7828
2022 AUG 22 20:09:00,-8.1039,-26.7284,261.423,14.6506,41.0127,2.6988e-14,41.0127,2022 AUG 22 20:06:00,-10.9191,-25.1911,386.5972,14.7042,40.5273,1.1462,39.7505
2022 AUG 22 20:12:00,1.5244,-27.9005,266.3853,14.6208,45.7089,6.2651e-14,45.7089,2022 AUG 22 20:09:00,-2.0253,-23.6597,390.131,14.855,46.665,1.0336,46.0142
2022 AUG 22 22:03:00,-2.3311,-54.7437,263.6388,14.6311,43.6456,9.0747e-15,43.6456,2022 AUG 22 22:06:00,-4.7009,-53.3971,388.8617,14.7697,44.1959,2.1152,45.9588
2022 AUG 22 23:54:00,-6.0632,-81.5808,261.1521,14.6419,41.8569,8.1089e-15,41.8569,2022 AUG 23 00:03:00,-7.3343,-82.7519,387.4507,14.7097,42.1466,1.875,43.748
2022 AUG 23 01:45:00,-9.722,-108.4029,259.6205,14.6536,40.3361,4.631e-14,40.3361,2022 AUG 23 02:00:00,-9.8758,-112.2559,386.3687,14.64,40.0874,3.3519,42.9618
2022 AUG 24 02:03:00,-11.0354,-103.0907,258.9512,14.6486,39.7051,1.4662e-14,39.7051,2022 AUG 24 01:36:00,-6.6886,-98.8902,387.4222,14.4908,39.5464,2.7954,41.9081
2022 AUG 24 09:39:00,12.1673,144.8586,274.2856,14.5725,51.9479,1.1468e-14,51.9479,2022 AUG 24 09:33:00,9.1499,148.2724,395.3286,14.7028,51.3473,0.73561,51.8813
2022 AUG 24 11:30:00,8.2835,118.04,270.9888,14.5844,49.4394,1.3114e-14,49.4394,2022 AUG 24 11:30:00,6.3537,118.9177,392.4833,14.6428,48.8549,0.20397,49.002
2022 AUG 24 11:33:00,17.8615,116.8407,277.6546,14.5531,55.8121,6.1673e-14,55.8121,2022 AUG 24 11:33:00,15.2125,120.5026,397.6605,14.7972,56.435,0.10732,56.4952
2022 AUG 24 13:21:00,4.5437,91.211,267.931,14.5956,47.1575,1.0458e-14,47.1575,2022 AUG 24 13:27:00,3.7457,89.4681,390.4986,14.5767,46.4381,0.77562,47.0637
2022 AUG 24 13:24:00,14.1363,90.0143,274.2014,14.5644,53.2351,4.7708e-15,53.2351,2022 AUG 24 13:30:00,12.6088,91.0481,395.4593,14.7306,53.9445,0.36979,54.2361
2022 AUG 24 15:12:00,0.96798,64.3732,265.8976,14.6064,45.1198,2.8482e-14,45.1198,2022 AUG 24 15:24:00,1.2087,60.3971,389.7776,14.5358,44.402,1.7756,43.3382
2022 AUG 24 15:15:00,10.57,63.1816,272.0609,14.5756,50.8667,7.2876e-15,50.8667,2022 AUG 24 15:27:00,10.0939,61.8691,394.7094,14.6825,51.7265,1.2954,51.0174
2022 AUG 24 17:06:00,6.8964,36.3617,270.7337,14.5872,48.5503,1.6237e-14,48.5503,2022 AUG 24 17:24:00,7.4812,32.4232,394.4032,14.6167,49.2635,0.5738,48.9936
2022 AUG 25 15:30:00,-0.10043,69.6759,265.0754,14.6008,44.3902,6.9464e-14,44.3902,2022 AUG 25 15:00:00,4.2799,74.0283,391.199,14.4044,44.7078,5.2073,41.8109
2022 AUG 26 01:00:00,28.7963,-70.5076,284.9944,14.4978,63.5195,5.4535e-14,63.5195,2022 AUG 26 00:57:00,26.2213,-67.0166,406.5341,14.6819,63.1156,0.10907,63.0471
2022 AUG 26 02:51:00,25.1697,-97.3249,282.1149,14.5097,60.7897,5.134e-14,60.7897,2022 AUG 26 02:54:00,23.6834,-96.5153,404.466,14.6125,60.5739,0.06507,60.5502
2022 AUG 26 04:42:00,21.5726,-124.1162,279.281,14.5236,58.1618,1.9083e-14,58.1618,2022 AUG 26 04:51:00,21.136,-125.9493,403.2937,14.5472,58.0539,0.085929,58.0328
2022 AUG 26 06:33:00,17.8984,-150.9135,277.5497,14.5369,55.5485,7.5668e-14,55.5485,2022 AUG 26 06:48:00,18.4756,-155.2939,402.1392,14.4881,55.5006,1.0914,54.9413
2022 AUG 27 16:18:00,36.4216,75.2404,290.1144,14.4489,69.0927,5.4813e-14,69.0927,2022 AUG 27 16:18:00,34.6743,76.4674,410.5985,14.5308,68.2846,0.11159,68.1819
2022 AUG 27 18:09:00,32.9012,48.4969,288.7239,14.4658,66.373,1.4224e-14,66.373,2022 AUG 27 18:15:00,32.1796,46.6693,410.0662,14.4414,65.6077,1.5207,66.2577
2022 AUG 27 20:00:00,29.1839,21.7785,286.7831,14.4844,63.56,3.7091e-14,63.56,2022 AUG 27 20:12:00,29.4096,17.2442,408.2379,14.3769,62.878,0.083434,62.8023
2022 AUG 27 20:03:00,38.6984,20.4061,294.03,14.4417,70.8795,6.6716e-14,70.8795,2022 AUG 27 20:15:00,38.0929,19.7445,414.1433,14.5922,71.4394,0.11774,71.3275
2022 AUG 27 21:54:00,34.8339,-6.2929,290.4045,14.4617,67.8787,4.1009e-14,67.8787,2022 AUG 27 22:12:00,35.4326,-10.7192,412.1751,14.4583,68.3369,4.7995,70.4885
2022 AUG 29 05:45:00,47.441,-112.4237,299.4671,14.3731,77.5377,5.8991e-14,77.5377,2022 AUG 29 05:42:00,45.5612,-109.3821,418.8034,14.5272,76.8828,0.1326,76.7567
2022 AUG 29 07:36:00,43.8231,-139.0311,297.1131,14.3992,74.6725,8.652e-14,74.6725,2022 AUG 29 07:39:00,43.0097,-139.3476,418.04,14.4267,74.1693,0.09854,74.076
2022 AUG 29 11:21:00,45.7236,166.1048,300.4691,14.39,76.1782,3.1964e-14,76.1782,2022 AUG 29 11:36:00,46.1221,164.1138,420.0846,14.5006,77.1538,0.66896,77.7724
2022 AUG 30 21:03:00,54.8232,33.01,305.5064,14.3042,83.221,2.4013e-14,83.221,2022 AUG 30 21:03:00,52.9181,35.9127,423.9926,14.4978,82.5604,6.4419,88.848
2022 AUG 30 22:54:00,51.0444,6.5739,302.6973,14.3417,80.2043,7.119e-14,80.2043,2022 AUG 30 23:00:00,50.9442,5.8036,422.0589,14.3875,80.3539,0.13953,80.2264
2022 AUG 31 00:45:00,47.2015,-20.0035,299.3091,14.3697,77.127,8.5343e-14,77.127,2022 AUG 31 00:57:00,48.3127,-24.6221,420.8033,14.2564,77.4499,0.11206,77.363
2022 SEP 01 10:27:00,56.7627,-153.2525,305.5132,14.2739,84.5551,2.3372e-14,84.5551,2022 SEP 01 10:24:00,55.6822,-151.8988,426.4299,14.3153,83.8206,0.13755,83.7032
2022 SEP 01 12:18:00,53.0162,-179.6926,304.4814,14.3111,81.5398,1.4224e-14,81.5398,2022 SEP 01 12:21:00,52.908,177.1927,424.9782,14.1519,80.7118,1.7957,82.4814
2022 SEP 01 14:12:00,58.6652,151.7403,308.2053,14.255,86.079,2.2093e-14,86.079,2022 SEP 01 14:21:00,58.6956,152.7202,426.8163,14.4664,86.9797,0.12248,86.8802
2022 SEP 01 16:03:00,54.8729,125.2877,304.8729,14.2914,83.0018,1.2722e-14,83.0018,2022 SEP 01 16:18:00,55.728,121.1727,424.2845,14.2603,83.5892,5.2857,88.8316
2022 SEP 03 03:36:00,60.5131,-34.4994,308.2094,14.2267,87.3604,1.9083e-14,87.3604,2022 SEP 03 03:42:00,60.6485,-35.1616,428.3799,14.2797,87.675,0.13088,87.5784
