"TC20 UVIS_COP_ROW"
-1
-1
-1
85
-1
85
-1
-1
89
-1
-1
85
-1
-1
-1
85
-1
-1
-1
-1
-1
89
-1
-1
-1
89
-1
95
-1
-1
89
-1
-1
95
85
89
89
89
-1
-1
-1
89
95
-1
-1
95
89
-1
89
89
-1
-1
-1
89
95
89
89
95
89
-1
-1
-1
89
89
-1
89
-1
89
-1
-1
89
-1
-1
-1
-1
89
89
72
-1
-1
89
79
-1
89
-1
-1
89
-1
-1
89
-1
72
89
89
89
-1
-1
89
-1
-1
89
-1
-1
-1
-1
-1
-1
89
95
-1
-1
-1
-1
89
-1
-1
-1
-1
-1
-1
79
-1
-1
-1
-1
-1
89
-1
-1
-1
-1
89
95
89
89
-1
-1
-1
-1
89
-1
89
-1
-1
-1
-1
-1
89
89
89
-1
89
-1
-1
-1
-1
-1
-1
89
89
-1
-1
-1
-1
-1
89
-1
-1
-1
-1
-1
95
85
89
-1
-1
89
-1
-1
-1
-1
-1
-1
-1
-1
89
-1
-1
89
-1
-1
-1
79
85
-1
-1
-1
-1
-1
-1
89
95
-1
-1
-1
-1
-1
95
-1
89
95
85
89
85
-1
-1
-1
-1
-1
-1
-1
-1
-1
-1
-1
-1
89
-1
85
-1
85
85
-1
89
89
-1
-1
-1
89
-1
89
-1
89
-1
-1
-1
-1
85
89
85
85
-1
85
-1
-1
-1
89
89
-1
-1
-1
-1
-1
85
-1
-1
85
-1
85
85
85
-1
85
72
-1
85
95
-1
89
-1
-1
-1
85
-1
-1
95
85
85
85
85
85
-1
89
-1
-1
85
-1
95
79
-1
95
-1
89
-1
85
85
85
89
89
85
85
72
95
89
-1
-1
85
-1
-1
-1
-1
-1
85
-1
-1
85
89
-1
85
85
85
85
85
-1
-1
-1
-1
-1
-1
-1
