"TC20 UVIS_COP_ROW"
88
85
88
85
79
85
88
85
88
95
88
95
88
95
88
88
-1
17
95
85
85
88
79
85
95
88
85
88
95
88
95
85
95
85
95
85
95
95
88
85
95
79
95
85
85
85
85
17
95
88
85
95
85
88
95
95
85
95
85
88
85
85
85
95
85
95
95
85
17
95
85
17
95
85
95
88
95
88
95
95
85
95
85
85
-1
95
85
95
-1
95
85
95
85
88
95
85
17
88
85
88
95
85
85
95
85
85
95
88
85
95
85
95
85
95
85
95
95
85
17
17
85
95
85
85
85
85
95
85
95
95
85
95
85
95
95
85
95
85
95
85
95
85
95
17
95
95
95
85
95
85
85
95
95
85
85
17
85
95
95
85
95
85
85
95
95
85
85
17
85
-1
-1
85
85
95
85
79
85
17
85
85
95
85
95
95
95
85
95
85
85
95
85
17
85
95
95
95
95
79
95
85
85
85
95
95
85
85
95
17
95
85
95
-1
85
95
95
17
85
95
85
95
95
85
85
95
95
85
95
85
85
95
85
85
95
95
85
95
95
85
95
17
95
85
95
85
95
95
85
85
95
85
17
85
85
85
85
