THERMAL ORBIT NUMBER WITH LNO NADIR
1
2
5
6
8
10
12
14
16
17
18
20
21
23
24
25
27
29
30
32
33
35
37
41
42
44
45
47
48
49
50
51
54
55
56
57
59
60
62
64
65
66
67
71
73
74
76
77
79
80
82
83
84
87
89
92
94
95
97
98
102
104
105
107
109
111
112
114
115
116
117
119
121
122
124
126
127
129
130
133
135
136
138
139
141
142
145
147
149
150
151
153
154
156
157
161
162
164
165
167
168
170
172
173
175
176
177
179
180
181
183
185
186
187
189
191
192
194
195
197
199
201
203
205
207
209
210
212
214
216
218
220
221
223
224
226
227
229
231
232
234
236
238
239
241
245
247
251
253
255
258
259
260
264
266
268
270
271
273
274
276
277
278
280
282
284
286
287
289
291
293
294
296
297
299
301
303
304
308
309
310
314
315
316
320
321
323
324
326
327
329
331
332
334
336
338
339
340
