"TC20 UVIS_COP_ROW"
391
391
391
391
391
391
391
391
391
391
391
391
364
391
391
364
391
391
391
391
391
364
391
391
391
391
391
391
391
391
391
391
364
391
391
391
391
391
391
364
391
391
391
391
391
391
391
391
364
391
391
391
391
391
391
391
391
391
391
391
391
391
391
364
391
391
391
391
391
391
391
391
391
391
391
391
391
391
391
391
391
391
-1
391
-1
391
-1
364
-1
364
-1
-1
364
-1
364
-1
-1
364
-1
-1
364
-1
-1
364
-1
-1
-1
391
-1
-1
391
-1
-1
391
-1
-1
391
-1
-1
391
391
-1
391
-1
391
-1
-1
391
391
-1
391
-1
-1
391
-1
391
-1
-1
391
-1
391
-1
-1
391
391
-1
-1
391
-1
-1
391
-1
-1
391
-1
-1
391
-1
391
-1
