"TC20 UVIS_COP_ROW"
-1
-1
-1
68
-1
-1
68
68
68
68
68
72
68
68
-1
-1
-1
-1
68
-1
-1
-1
-1
-1
-1
68
68
-1
68
-1
68
-1
-1
-1
-1
-1
-1
72
-1
-1
-1
-1
-1
-1
68
-1
68
68
79
68
68
-1
-1
-1
79
-1
-1
79
72
-1
-1
-1
-1
68
68
68
-1
68
68
-1
68
-1
-1
-1
-1
-1
-1
-1
-1
-1
-1
-1
-1
-1
-1
-1
64
68
72
72
68
72
-1
-1
-1
-1
-1
-1
-1
79
-1
72
79
68
68
-1
68
68
68
-1
-1
79
-1
-1
79
64
-1
-1
-1
-1
-1
68
-1
-1
-1
68
68
-1
-1
68
-1
-1
-1
-1
-1
-1
-1
-1
-1
68
-1
-1
-1
72
-1
-1
-1
-1
-1
-1
-1
-1
-1
64
-1
-1
-1
-1
-1
-1
-1
-1
68
68
-1
-1
-1
-1
-1
-1
-1
-1
-1
-1
-1
72
-1
-1
-1
-1
-1
-1
-1
-1
64
-1
-1
68
-1
-1
-1
-1
-1
-1
-1
-1
-1
72
-1
-1
72
79
72
68
-1
-1
72
-1
-1
-1
-1
-1
-1
-1
-1
-1
-1
-1
-1
-1
-1
72
68
-1
-1
-1
-1
72
-1
72
-1
-1
72
-1
-1
-1
-1
-1
-1
-1
-1
-1
-1
-1
-1
-1
-1
-1
-1
-1
-1
-1
-1
-1
-1
-1
-1
-1
-1
72
72
-1
-1
68
79
-1
-1
79
-1
64
-1
-1
-1
-1
-1
-1
-1
-1
-1
68
72
-1
-1
72
64
-1
-1
-1
-1
-1
-1
-1
-1
-1
-1
-1
-1
64
-1
-1
-1
-1
72
-1
-1
-1
-1
-1
-1
-1
-1
-1
-1
72
-1
-1
-1
-1
-1
-1
-1
-1
-1
-1
-1
-1
72
-1
-1
-1
-1
-1
-1
-1
-1
-1
-1
-1
-1
-1
68
