THERMAL ORBIT NUMBER WITH LNO NADIR
1
3
5
7
9
11
13
15
16
18
20
22
24
26
28
30
32
34
36
39
40
42
45
46
48
50
51
53
54
57
59
60
62
63
65
68
69
71
74
76
78
81
83
84
87
89
91
94
96
98
100
102
103
106
108
109
111
113
115
118
119
121
123
125
126
128
131
133
136
138
140
142
144
148
150
151
154
156
157
160
162
163
166
167
169
172
173
175
177
180
182
186
188
189
191
193
198
200
202
205
206
208
210
212
213
216
217
219
222
223
226
228
229
231
232
235
238
240
242
244
247
248
252
254
255
258
260
262
264
266
267
270
272
273
275
277
279
282
285
287
289
290
292
297
298
301
303
304
307
311
313
314
316
319
322
324
326
328
329
334
335
338
340
