THERMAL ORBIT NUMBER WITH LNO NADIR
1
2
4
6
8
10
12
13
14
16
17
19
21
22
23
24
26
28
30
31
33
34
35
37
38
40
41
42
44
46
48
50
51
54
56
57
59
60
62
63
65
66
67
69
71
72
73
75
76
78
79
81
82
84
87
88
90
91
92
93
95
97
99
100
101
103
104
105
107
109
111
112
114
115
117
118
120
121
122
126
127
129
131
132
134
135
137
139
141
142
144
145
146
147
149
150
151
152
154
156
157
158
160
162
163
165
166
168
172
174
178
180
182
186
190
192
194
198
202
204
208
210
212
216
218
220
222
224
227
231
235
237
239
241
245
247
249
251
255
258
264
268
272
274
276
278
282
286
290
294
296
300
302
308
310
312
314
320
322
324
328
330
332
334
336
338
340
