"TC20 UVIS_COP_ROW"
64
-1
72
64
-1
72
79
-1
72
64
-1
-1
64
72
72
79
64
-1
79
-1
72
-1
-1
-1
64
68
64
-1
-1
-1
-1
64
-1
-1
72
-1
64
-1
72
-1
-1
64
-1
72
-1
-1
72
17
-1
-1
64
-1
72
-1
-1
68
-1
79
72
72
-1
68
-1
-1
72
-1
68
-1
72
79
-1
68
-1
-1
68
79
-1
-1
-1
68
-1
-1
-1
68
-1
-1
68
-1
-1
-1
68
-1
-1
-1
-1
-1
79
-1
-1
68
72
-1
-1
-1
-1
68
68
-1
68
-1
-1
68
-1
-1
-1
68
-1
-1
72
68
-1
72
68
-1
-1
68
-1
68
-1
-1
68
-1
-1
-1
-1
-1
68
-1
-1
-1
-1
68
-1
-1
68
-1
72
68
68
-1
-1
72
-1
-1
68
-1
-1
-1
68
-1
-1
72
-1
68
79
-1
68
-1
68
-1
-1
68
-1
-1
-1
-1
-1
-1
-1
-1
68
-1
68
-1
-1
68
-1
68
-1
72
-1
-1
-1
68
-1
-1
79
-1
-1
72
-1
68
68
68
-1
68
79
-1
-1
-1
68
72
-1
72
79
-1
68
-1
-1
68
-1
-1
79
72
68
68
79
-1
68
-1
-1
-1
-1
68
-1
-1
-1
68
68
17
68
-1
-1
68
-1
68
-1
68
68
-1
79
72
-1
68
-1
-1
-1
-1
68
-1
68
72
-1
68
-1
68
-1
-1
-1
-1
68
-1
-1
68
-1
-1
79
64
68
68
68
-1
68
68
-1
-1
-1
72
-1
-1
-1
-1
-1
-1
-1
72
64
68
68
68
64
72
68
64
-1
-1
-1
-1
64
-1
79
-1
-1
72
-1
64
79
-1
68
68
68
72
-1
-1
64
64
79
-1
-1
64
-1
-1
-1
64
68
17
64
-1
68
68
68
