"TC20 UVIS_COP_ROW"
394
395
394
395
394
395
394
395
394
395
394
395
394
395
394
395
394
395
394
395
394
395
394
395
394
395
394
395
394
395
394
395
394
395
394
395
394
395
394
395
394
395
394
395
394
395
394
395
394
395
394
395
394
395
394
395
394
395
394
395
394
395
394
395
394
395
394
395
394
395
394
395
394
395
394
395
394
395
394
395
394
395
394
395
394
395
394
395
394
395
394
395
394
395
394
395
394
395
394
395
394
395
394
395
394
395
394
395
394
395
394
395
394
395
394
395
394
395
394
395
394
395
394
395
394
395
394
395
394
395
394
395
394
395
394
395
394
395
394
395
394
395
394
395
394
395
394
395
394
395
394
395
394
395
394
395
394
