MRO time overlap (UTC),MRO subSC lat (deg),MRO subSC lon (deg),MRO S/C altitude (km),MRO LST (h),MRO Incidence angle (deg),MRO Emission angle (deg),MRO Phase angle (deg),TGO time overlap (UTC),UVIS nadir LOS surface intercept lat (deg),UVIS nadir LOS surface intercept lon (deg),TGO S/C altitude (km),UVIS nadir LOS surface intercept LST (h),UVIS nadir LOS surface intercept Incidence angle (deg),UVIS nadir LOS surface intercept Emission angle (deg),UVIS nadir LOS surface intercept Phase angle (deg)
2022 DEC 24 04:15:00,17.0303,-41.1653,275.0915,14.4425,40.1831,9.5417e-15,40.1831,2022 DEC 24 03:45:00,21.1895,-37.1089,403.0764,14.2261,39.2696,1.9658,40.9496
2022 DEC 24 13:42:00,37.059,179.6723,291.4305,14.3639,49.9823,6.4046e-15,49.9823,2022 DEC 24 13:39:00,34.3737,-178.3207,412.9891,14.4492,49.0784,0.049522,49.0806
2022 DEC 24 15:36:00,42.7764,151.485,295.9062,14.3344,53.6037,6.3928e-14,53.6037,2022 DEC 24 15:39:00,40.2916,154.6325,416.2402,14.5928,54.0945,0.05454,54.0667
2022 DEC 24 17:27:00,39.0013,124.7668,292.0874,14.3539,51.1563,3.2435e-14,51.1563,2022 DEC 24 17:36:00,37.632,124.7512,412.8756,14.4989,51.5533,0.051569,51.537
2022 DEC 24 19:18:00,35.3454,98.0029,288.0867,14.3706,48.8959,7.1119e-15,48.8959,2022 DEC 24 19:33:00,35.1944,94.3103,410.5245,14.3678,48.7713,5.3839,52.367
2022 DEC 25 17:42:00,29.4253,131.4166,284.9636,14.4033,45.4973,1.9083e-14,45.4973,2022 DEC 25 17:09:00,32.0884,136.0356,409.7031,14.1758,44.7925,1.0657,44.4205
2022 DEC 25 21:27:00,31.7158,76.4884,285.2658,14.3917,46.6871,3.0548e-14,46.6871,2022 DEC 25 21:06:00,35.6822,79.1181,411.5079,14.2264,47.6054,0.67673,47.4371
2022 DEC 26 06:54:00,51.2778,-63.107,300.8874,14.2844,59.1456,2.1097e-14,59.1456,2022 DEC 26 07:00:00,48.3092,-60.7674,421.5813,14.5378,58.6795,0.072801,58.6145
2022 DEC 26 08:45:00,47.6898,-89.7838,298.3249,14.3069,56.6104,7.6598e-14,56.6104,2022 DEC 26 08:57:00,45.9019,-91.0373,419.4208,14.4181,56.1169,1.1201,56.6781
2022 DEC 26 10:36:00,44.1678,-116.44,295.291,14.3308,54.2294,3.668e-14,54.2294,2022 DEC 26 10:54:00,43.3711,-120.7213,418.1943,14.3372,53.7158,0.52642,53.4701
2022 DEC 27 09:00:00,37.8207,-82.9066,291.8212,14.3714,50.0704,4.5981e-14,50.0704,2022 DEC 27 08:30:00,40.4812,-80.3387,416.1479,14.0558,49.3015,0.56287,49.5128
2022 DEC 27 12:45:00,40.2198,-137.8113,293.4356,14.3617,51.5501,3.2435e-14,51.5501,2022 DEC 27 12:27:00,44.0739,-137.1344,418.8748,14.1147,52.3762,3.0863,53.9456
2022 DEC 27 14:36:00,36.5272,-164.5082,291.8095,14.3825,49.2966,5.1285e-14,49.2966,2022 DEC 27 14:24:00,41.4215,-166.9888,417.6775,14.0225,49.7049,2.4852,50.8906
2022 DEC 27 22:12:00,59.4978,81.8972,305.7938,14.2078,64.7732,3.1486e-14,64.7732,2022 DEC 27 22:21:00,56.3867,85.6678,424.9736,14.6053,64.4758,0.21758,64.3501
2022 DEC 28 00:03:00,56.0238,55.4576,304.7979,14.2461,62.22,5.0988e-14,62.22,2022 DEC 28 00:18:00,53.9768,55.0735,424.9022,14.4639,61.8943,0.3486,61.7161
2022 DEC 28 01:51:00,42.9585,30.736,296.7834,14.3503,53.234,7.7647e-14,53.234,2022 DEC 29 01:48:00,46.1292,34.8208,419.776,13.9367,52.4667,1.914,51.8854
2022 DEC 28 01:54:00,52.4367,29.0205,303.4919,14.2844,59.6714,3.1806e-14,59.6714,2022 DEC 28 02:15:00,51.3464,24.534,422.9873,14.3261,59.1035,0.42014,59.0233
2022 DEC 29 00:18:00,46.3297,62.606,297.784,14.3289,55.2809,6.3611e-15,55.2809,2022 DEC 28 23:51:00,48.8116,64.5216,421.1903,14.0183,55.1042,0.80635,55.5629
2022 DEC 29 02:09:00,42.7903,35.9819,296.5162,14.3547,52.971,1.8271e-14,52.971,2022 DEC 29 01:48:00,46.1292,34.8208,419.776,13.9367,52.4667,1.914,51.8854
2022 DEC 29 15:21:00,64.5611,-159.8484,309.7963,14.1489,68.247,5.7338e-14,68.247,2022 DEC 29 15:39:00,61.5768,-156.8542,429.7693,14.6406,68.0451,0.037304,68.0078
2022 DEC 29 17:09:00,51.4007,176.171,303.0557,14.3025,58.6849,7.6635e-14,58.6849,2022 DEC 30 17:09:00,54.1053,-179.734,425.8589,13.9383,58.5809,0.057302,58.5288
2022 DEC 29 17:12:00,60.8516,174.0136,309.0726,14.2072,65.4827,4.9836e-14,65.4827,2022 DEC 29 17:36:00,59.1094,171.5861,428.0522,14.4347,65.1959,0.10444,65.1191
2022 DEC 30 15:36:00,55.1369,-152.0916,304.0808,14.2722,61.1523,2.7909e-14,61.1523,2022 DEC 30 15:12:00,56.6419,-148.8002,427.162,14.1022,61.4577,0.43178,61.3445
2022 DEC 30 15:39:00,64.5809,-154.6091,309.502,14.1531,68.071,3.556e-14,68.071,2022 DEC 29 15:39:00,61.5768,-156.8542,429.7693,14.6406,68.0451,0.037304,68.0078
2022 DEC 30 17:27:00,51.434,-178.5773,302.9478,14.3075,58.5456,3.5985e-14,58.5456,2022 DEC 30 17:09:00,54.1053,-179.734,425.8589,13.9383,58.5809,0.057302,58.5288
2022 DEC 31 10:21:00,65.7021,-67.9089,310.3184,14.1367,68.765,1.4662e-14,68.765,2022 DEC 31 10:54:00,64.2378,-70.1926,429.4513,14.5197,69.0911,0.13691,69.0359
2023 JAN 01 05:00:00,57.8853,21.5579,307.9683,14.2561,62.879,3.9341e-14,62.879,2023 JAN 01 04:33:00,58.6301,23.1823,427.3528,13.9264,61.9673,0.35179,61.8552
2023 JAN 01 10:36:00,56.0395,-59.9202,305.8589,14.2756,61.5089,5.725e-14,61.5089,2023 JAN 01 10:27:00,59.3953,-63.6331,427.9232,13.8819,62.3744,1.7166,62.6645
2023 JAN 01 23:45:00,68.1783,105.3785,312.109,14.0964,70.3457,3.2784e-15,70.3457,2023 JAN 02 00:15:00,66.1414,103.0696,429.8436,14.4292,69.8564,0.044005,69.8258
2023 JAN 02 22:09:00,62.2718,140.0051,310.9766,14.2103,65.775,2.1097e-14,65.775,2023 JAN 02 21:51:00,63.5631,140.8925,428.7701,13.9775,65.9304,0.18473,65.8267
2023 JAN 03 00:00:00,58.556,113.653,307.3853,14.2544,63.0359,2.8625e-14,63.0359,2023 JAN 02 23:48:00,61.3286,109.1418,427.0971,13.7589,63.2379,0.40645,63.0713
2023 JAN 04 11:33:00,65.1583,-46.6557,310.2593,14.1736,67.6293,2.3372e-14,67.6293,2023 JAN 04 11:12:00,65.4273,-46.2329,430.9713,13.8611,66.7959,0.083991,66.713
2023 JAN 06 06:33:00,66.8814,44.952,312.1905,14.1397,68.5445,3.4256e-14,68.5445,2023 JAN 06 06:27:00,68.0043,42.4126,431.6315,13.8731,68.6661,0.12523,68.6112
2023 JAN 07 19:57:00,69.4574,-141.8641,312.5929,14.0928,70.1954,1.5003e-14,70.1954,2023 JAN 07 19:48:00,69.7273,-143.1212,433.49,13.8631,69.798,0.13543,69.7579
2023 JAN 09 14:57:00,70.7068,-49.9746,313.053,14.0781,70.8231,1.8546e-14,70.8231,2023 JAN 09 15:03:00,71.8663,-53.1636,432.4368,13.9628,71.5021,0.137,71.4813
2023 JAN 11 04:21:00,73.7608,122.4676,315.3217,13.9819,72.8337,2.9921e-14,72.8337,2023 JAN 11 04:24:00,73.212,123.1894,432.6863,14.0786,72.5888,0.13784,72.582
2023 JAN 12 23:21:00,75.2879,-146.3976,314.6392,13.9169,73.6388,1.2006e-14,73.6388,2023 JAN 12 23:39:00,74.538,-143.9209,434.9896,14.3739,73.9956,0.13463,74.0075
2023 JAN 13 23:39:00,75.2787,-141.2326,313.6797,13.9167,73.4247,3.0919e-14,73.4247,2023 JAN 12 23:39:00,74.538,-143.9209,434.9896,14.3739,73.9956,0.13463,74.0075
2023 JAN 15 11:09:00,72.5849,62.0765,312.4112,14.0289,71.0824,2.7406e-14,71.0824,2023 JAN 15 10:36:00,74.3276,66.3508,433.9009,13.7783,72.0462,0.1533,72.0396
2023 JAN 18 15:48:00,74.9985,21.8851,315.1943,13.9664,72.3407,3.8241e-14,72.3407,2023 JAN 18 15:15:00,74.9934,23.6534,433.9655,13.5489,71.5949,0.15703,71.5844
2023 JAN 20 16:24:00,75.4579,31.8917,314.3408,13.9447,72.2848,2.3155e-14,72.2848,2023 JAN 20 16:24:00,76.0959,34.9368,434.3505,14.1478,73.2129,2.5212,71.266
