"TC20 UVIS_COP_ROW"
84
95
84
95
84
95
84
95
84
95
84
95
17
95
84
84
95
84
95
84
95
84
95
84
84
84
95
84
95
84
95
84
84
84
95
17
95
95
84
88
95
84
95
95
88
84
95
84
95
84
84
84
88
88
84
95
88
95
88
88
17
88
88
95
88
95
95
88
88
95
88
17
95
88
95
88
84
88
95
95
88
95
88
88
-1
-1
88
95
17
95
88
95
95
88
95
88
95
88
84
88
95
88
88
95
95
88
95
17
88
17
88
95
88
95
88
95
95
88
88
95
88
95
88
84
88
88
95
88
95
95
88
95
84
95
95
88
95
17
95
88
95
88
95
17
95
95
95
88
95
88
88
84
95
88
84
88
88
95
95
84
17
88
88
95
95
88
88
95
88
95
-1
88
88
95
88
95
88
95
84
17
95
88
95
95
17
88
95
88
88
95
88
95
95
95
95
17
95
84
95
88
-1
88
95
95
88
88
17
88
95
88
95
84
88
95
95
17
84
95
88
95
95
88
88
95
84
88
95
88
88
95
88
84
95
17
88
95
84
88
95
88
95
88
95
88
95
95
88
84
95
95
95
17
95
17
84
-1
-1
88
95
88
95
88
95
88
95
88
88
95
95
88
95
88
88
-1
84
84
84
95
84
95
17
84
95
95
84
95
84
84
84
84
95
17
95
95
84
95
84
84
95
95
84
95
84
84
95
95
17
95
95
95
84
95
84
84
95
84
95
95
84
95
95
84
95
17
95
84
17
84
84
84
95
84
95
84
84
95
84
84
95
84
-1
