"TC20 UVIS_COP_ROW"
95
89
-1
-1
85
-1
-1
-1
85
95
89
64
95
-1
-1
-1
-1
-1
-1
-1
-1
95
89
-1
-1
-1
-1
95
-1
-1
85
-1
89
-1
-1
-1
-1
-1
89
95
-1
-1
89
89
89
95
-1
-1
-1
64
-1
95
89
-1
-1
-1
89
-1
-1
-1
95
64
-1
-1
-1
-1
85
-1
-1
-1
-1
-1
-1
64
-1
95
-1
-1
95
89
89
-1
89
-1
-1
-1
-1
-1
-1
89
95
-1
89
-1
-1
-1
-1
-1
-1
-1
-1
89
95
-1
-1
-1
-1
-1
-1
-1
89
-1
-1
-1
-1
-1
-1
-1
-1
-1
-1
-1
-1
-1
-1
-1
-1
-1
85
-1
-1
-1
-1
-1
-1
-1
89
-1
-1
-1
-1
-1
-1
-1
-1
-1
85
-1
-1
-1
-1
-1
-1
-1
-1
-1
-1
-1
89
-1
-1
-1
-1
-1
-1
-1
89
-1
-1
-1
-1
-1
-1
-1
-1
-1
-1
-1
-1
-1
-1
89
-1
-1
-1
-1
-1
-1
89
-1
-1
-1
-1
-1
-1
-1
-1
-1
-1
-1
85
-1
-1
-1
-1
-1
-1
95
89
89
-1
-1
89
-1
-1
-1
95
89
85
85
-1
-1
-1
-1
89
-1
89
-1
-1
89
89
95
-1
-1
95
-1
85
-1
89
89
-1
89
-1
-1
-1
-1
-1
-1
-1
-1
-1
85
95
-1
-1
-1
-1
89
-1
-1
89
95
89
-1
-1
-1
89
95
-1
-1
85
-1
-1
-1
89
-1
-1
-1
-1
-1
89
85
-1
-1
89
-1
-1
-1
85
85
-1
-1
-1
-1
-1
-1
85
-1
89
-1
-1
89
-1
-1
89
-1
-1
85
85
-1
89
-1
-1
-1
-1
95
-1
-1
-1
89
-1
-1
85
-1
-1
-1
-1
95
85
-1
-1
-1
89
-1
81
-1
-1
89
-1
-1
