"TC20 UVIS_COP_ROW"
68
68
68
68
68
68
68
72
68
79
68
72
68
72
68
-1
72
68
68
68
72
79
68
68
79
-1
72
68
72
68
79
68
72
68
72
68
68
68
-1
68
68
68
79
72
68
68
72
17
79
68
-1
79
68
68
68
72
68
68
68
68
79
68
68
79
72
72
79
68
68
79
68
68
79
68
72
-1
68
68
79
72
68
79
68
68
-1
-1
68
79
-1
72
68
72
68
79
68
17
79
64
72
64
72
-1
64
72
72
64
72
64
68
68
64
68
64
-1
-1
72
72
64
64
72
64
72
64
79
-1
64
79
64
72
79
68
68
64
68
68
64
72
-1
79
64
72
64
72
17
79
72
72
64
72
-1
68
72
79
64
79
64
64
72
79
64
79
64
64
72
79
64
64
72
68
68
-1
64
64
72
64
72
-1
72
79
64
79
64
79
72
79
64
79
-1
64
68
79
17
64
72
79
72
79
64
79
64
79
64
79
72
64
64
79
64
79
64
79
64
68
72
79
64
64
72
64
72
79
64
64
72
79
64
79
64
64
72
64
64
79
72
64
72
79
64
79
17
79
64
79
64
79
72
64
64
79
72
79
64
79
64
64
72
79
64
79
64
79
64
79
64
79
64
64
72
79
64
79
64
64
72
64
72
64
72
64
72
79
64
79
68
64
72
68
17
64
64
79
64
79
72
79
72
64
72
79
72
64
72
64
64
79
72
68
72
68
72
64
72
64
64
79
64
79
72
64
72
79
64
79
64
79
68
79
64
-1
72
79
72
79
64
64
17
79
64
79
64
79
