"TC20 UVIS_COP_ROW"
391
391
391
391
391
391
391
391
391
391
391
391
391
391
391
391
391
391
391
391
391
391
391
391
391
391
391
391
391
391
391
391
391
391
391
391
391
391
391
391
391
391
391
391
391
391
391
391
391
391
391
391
391
391
391
391
391
391
391
391
391
391
391
391
391
391
391
-1
-1
391
-1
-1
391
-1
-1
391
-1
-1
391
-1
-1
391
-1
-1
391
-1
-1
391
-1
-1
391
-1
-1
391
-1
-1
391
-1
-1
391
-1
-1
391
-1
-1
391
-1
-1
391
-1
-1
391
391
-1
-1
391
-1
-1
391
-1
-1
-1
391
-1
-1
391
-1
-1
-1
391
-1
-1
-1
391
-1
-1
-1
391
-1
-1
-1
391
-1
-1
-1
391
-1
-1
391
-1
-1
391
-1
