S/C,UTC,UVIS nadir LOS surface intercept lat (deg),UVIS nadir LOS surface intercept lon (deg),S/C altitude (km),UVIS nadir LOS surface intercept LST (h),UVIS nadir LOS surface intercept Incidence angle (deg),UVIS nadir LOS surface intercept Emission angle (deg),UVIS nadir LOS surface intercept Phase angle (deg)
MRO,2026 JUL 04 14:57:00,-69.8085,-23.9558,252.4653,14.8331,57.8007,4.6091e-14,57.8007
TGO,2026 JUL 04 14:18:00,-72.7572,-21.9477,379.8158,14.3344,58.2051,0.35769,58.2066

MRO,2026 JUL 05 00:18:00,-69.3612,-160.6407,251.0213,14.8192,57.523,1.6081e-14,57.523
TGO,2026 JUL 05 00:09:00,-69.9318,-156.0789,379.0967,14.9772,58.5115,0.40569,58.5243

MRO,2026 JUL 05 05:54:00,-71.4747,118.6882,250.9414,14.8903,59.1957,2.8669e-14,59.1957
TGO,2026 JUL 05 06:03:00,-69.2274,118.1775,380.2422,15.0022,58.2246,0.93037,59.1493

MRO,2026 JUL 05 09:39:00,-69.0932,63.0213,249.3823,14.8283,57.4531,3.8464e-14,57.4531
TGO,2026 JUL 06 09:33:00,-70.6179,67.9074,379.8615,14.4111,57.1502,4.0796,61.2261

MRO,2026 JUL 06 04:21:00,-69.0205,149.7115,250.3323,14.8044,57.4434,4.6008e-14,57.4434
TGO,2026 JUL 06 03:39:00,-71.2499,154.4109,380.7375,14.4367,57.6557,0.37303,57.6514

MRO,2026 JUL 11 13:24:00,-62.1494,64.089,249.0486,14.6764,53.3552,1.7128e-14,53.3552
TGO,2026 JUL 11 13:24:00,-64.2332,60.455,378.8339,14.4342,53.5495,0.42413,53.5109

MRO,2026 JUL 11 17:09:00,-60.1581,8.7714,251.679,14.6378,51.9093,1.8614e-14,51.9093
TGO,2026 JUL 11 17:21:00,-60.9143,7.0824,379.1543,14.7197,52.8491,1.6127,51.2412

MRO,2026 JUL 12 21:12:00,-59.9082,-40.7733,250.4988,14.6311,51.9136,1.1018e-14,51.9136
TGO,2026 JUL 12 20:51:00,-62.8888,-40.886,381.1799,14.2831,52.1269,0.42577,52.075

MRO,2026 JUL 13 00:57:00,-57.7535,-95.7572,248.3087,14.6147,50.4993,5.6964e-14,50.4993
TGO,2026 JUL 13 00:48:00,-59.8209,-95.149,379.0783,14.5094,51.1905,0.45816,51.1448

MRO,2026 JUL 13 04:42:00,-55.5151,-150.957,251.1112,14.5842,48.961,8.3486e-14,48.961
TGO,2026 JUL 13 04:45:00,-56.0944,-150.7364,379.4586,14.6475,49.7316,5.8476,55.3969

MRO,2026 JUL 13 06:33:00,-59.493,-177.4079,250.3081,14.6211,51.66,2.6234e-14,51.66
TGO,2026 JUL 13 06:42:00,-58.8284,179.3399,380.4117,14.5503,50.8235,1.3619,49.4617

MRO,2026 JUL 13 10:18:00,-57.7324,127.6424,250.6518,14.6069,50.5032,5.5272e-14,50.5032
TGO,2026 JUL 13 10:39:00,-55.6415,123.4382,379.2588,14.6672,49.6384,1.7433,51.2921

MRO,2026 JUL 13 14:03:00,-55.468,72.6658,249.7736,14.5911,49.0445,1.5581e-14,49.0445
TGO,2026 JUL 13 14:36:00,-52.4357,68.2568,378.3526,14.8325,49.1022,0.54344,49.1958

MRO,2026 JUL 14 12:30:00,-53.166,104.5871,251.1422,14.5661,47.656,3.1845e-14,47.656
TGO,2026 JUL 14 12:12:00,-55.2275,107.9328,379.4543,14.4972,48.426,0.4852,48.3762

MRO,2026 JUL 14 18:06:00,-54.638,22.9484,252.1369,14.5733,48.6185,1.8271e-14,48.6185
TGO,2026 JUL 14 18:06:00,-54.1743,21.9943,378.2925,14.5097,47.9002,0.49143,47.8518

MRO,2026 JUL 14 21:51:00,-52.8803,-32.0473,252.3035,14.5561,47.4793,6.1096e-14,47.4793
TGO,2026 JUL 14 22:03:00,-50.9728,-33.9366,380.7462,14.6247,46.912,0.51279,46.8778

MRO,2026 JUL 15 01:36:00,-50.7709,-86.9621,250.0293,14.5444,46.1974,1.5423e-14,46.1974
TGO,2026 JUL 15 02:00:00,-47.6475,-89.848,379.0832,14.7414,46.1826,0.8891,45.3666

MRO,2026 JUL 16 09:24:00,-47.6685,168.336,251.2461,14.5106,44.4069,2.8845e-14,44.4069
TGO,2026 JUL 16 09:27:00,-45.939,167.8371,380.4029,14.5258,43.6226,0.24058,43.5386

MRO,2026 JUL 16 13:09:00,-45.7876,113.5106,251.5751,14.5047,43.3801,2.4841e-14,43.3801
TGO,2026 JUL 16 13:24:00,-42.6944,110.8622,379.2631,14.5717,42.4815,3.3112,45.6835

MRO,2026 JUL 16 16:54:00,-43.3671,58.5774,250.7727,14.4919,42.0594,3.9213e-14,42.0594
TGO,2026 JUL 16 17:21:00,-39.2247,55.2691,378.3111,14.7094,42.4621,3.1701,39.2925

MRO,2026 JUL 17 15:21:00,-41.0907,90.6347,251.6427,14.4764,40.9553,2.2941e-14,40.9553
TGO,2026 JUL 17 14:57:00,-42.0627,94.9058,379.1395,14.3719,40.4022,3.8353,44.0614

MRO,2026 JUL 17 19:06:00,-38.7315,35.6581,252.5009,14.4608,39.7612,5.5546e-14,39.7612
TGO,2026 JUL 17 18:54:00,-38.4398,39.0231,378.7694,14.4906,39.9508,0.71078,39.2418

MRO,2026 JUL 17 22:51:00,-36.9994,-19.25,253.7333,14.4494,38.9409,1.3114e-14,38.9409
TGO,2026 JUL 17 22:51:00,-34.9929,-18.5408,381.6038,14.4969,38.7114,4.8305,43.4657

MRO,2026 JUL 18 02:36:00,-35.0358,-74.1028,251.7603,14.4419,38.1199,1.4312e-14,38.1199
TGO,2026 JUL 18 02:48:00,-31.6776,-75.129,380.971,14.5683,38.5368,2.2807,40.7381

MRO,2026 JUL 19 08:33:00,-28.2162,-151.7838,255.6612,14.4097,35.7847,1.8271e-14,35.7847
TGO,2026 JUL 19 08:18:00,-27.2831,-147.9341,382.604,14.4231,35.7474,1.8574,37.5948

MRO,2026 JUL 19 16:03:00,-24.4335,98.5418,256.2144,14.3969,34.9106,8.996e-15,34.9106
TGO,2026 JUL 19 16:12:00,-20.5789,97.5112,381.8547,14.4742,35.6056,4.062,39.6487

MRO,2026 JUL 19 17:54:00,-28.0492,71.7608,254.6031,14.4119,35.8078,7.2598e-14,35.8078
TGO,2026 JUL 19 18:06:00,-32.2202,67.0457,379.3273,14.2922,35.5526,5.8107,29.7723
TGO,2026 JUL 19 18:09:00,-23.3271,69.1298,380.8878,14.4797,35.8983,5.7716,30.1733

MRO,2026 JUL 20 22:00:00,-17.2663,20.9162,259.8705,14.3683,34.1248,2.5044e-14,34.1248
TGO,2026 JUL 20 21:42:00,-16.2711,24.965,384.077,14.3464,33.8455,1.4075,32.5644

MRO,2026 JUL 21 01:45:00,-15.4996,-33.9269,259.8568,14.3617,34.1148,3.2435e-14,34.1148
TGO,2026 JUL 21 01:39:00,-12.9986,-32.2979,386.0623,14.3728,34.534,1.8107,32.882

MRO,2026 JUL 21 03:36:00,-19.3423,-60.7414,257.4573,14.3744,34.2242,3.1806e-15,34.2242
TGO,2026 JUL 21 03:36:00,-15.438,-61.4721,384.8902,14.3256,33.6023,4.8498,29.1965

MRO,2026 JUL 21 09:18:00,-1.4397,-144.8243,266.4074,14.3161,36.8822,1.4362e-14,36.8822
TGO,2026 JUL 21 09:33:00,-5.7356,-146.6587,389.1949,14.4369,37.0599,2.3486,35.0725

MRO,2026 JUL 21 11:12:00,4.3517,-172.8396,270.1154,14.2972,39.2887,1.1385e-14,39.2887
TGO,2026 JUL 21 11:33:00,0.55083,-175.5246,392.0197,14.4589,39.6572,6.9305,45.7193

MRO,2026 JUL 21 13:03:00,0.45587,160.3286,267.6612,14.3089,37.5772,6.9575e-16,37.5772
TGO,2026 JUL 21 13:30:00,-2.2811,155.3875,389.9462,14.4175,37.9487,3.595,41.0909

MRO,2026 JUL 22 13:21:00,-0.57877,165.6338,267.1463,14.3111,37.0924,1.5674e-14,37.0924
TGO,2026 JUL 22 13:06:00,0.95219,169.5808,391.8635,14.3308,38.0199,4.6293,34.4272

MRO,2026 JUL 22 15:12:00,-4.5143,138.8135,264.7604,14.3233,35.7857,1.0847e-13,35.7857
TGO,2026 JUL 22 15:03:00,-1.6884,139.0892,389.4876,14.1958,35.0524,5.7779,40.0898

MRO,2026 JUL 22 18:57:00,-2.4331,83.9949,264.8153,14.3183,36.4434,1.4401e-14,36.4434
TGO,2026 JUL 22 19:00:00,1.7978,82.2237,389.7551,14.2489,37.2886,1.9785,38.9907

MRO,2026 JUL 23 00:39:00,15.1361,-0.022736,277.7504,14.2642,45.0525,2.2264e-14,45.0525
TGO,2026 JUL 23 00:57:00,11.4705,-2.6085,397.0907,14.3839,44.144,0.649,43.7941

MRO,2026 JUL 23 00:42:00,24.6834,-1.2449,284.6763,14.2314,51.3788,3.1365e-14,51.3788
TGO,2026 JUL 23 01:00:00,20.2979,-0.94683,402.4567,14.5433,51.4568,0.39264,51.2513

MRO,2026 JUL 23 02:33:00,20.7711,-28.0476,281.0878,14.245,48.6743,4.9478e-14,48.6743
TGO,2026 JUL 23 02:57:00,17.5784,-30.6967,400.8492,14.4578,48.7557,1.7154,49.8728

MRO,2026 JUL 24 02:48:00,9.8996,-21.5312,273.8499,14.2794,41.8472,1.8271e-14,41.8472
TGO,2026 JUL 24 02:30:00,12.0259,-18.6475,397.4781,14.1797,41.969,1.0317,41.4297

MRO,2026 JUL 24 04:39:00,6.0313,-48.3756,270.8468,14.2903,39.8166,4.0801e-14,39.8166
TGO,2026 JUL 24 04:27:00,9.2891,-47.9332,396.0178,14.125,39.631,2.5815,37.9435

MRO,2026 JUL 24 06:30:00,2.2745,-75.2253,267.9834,14.3006,38.082,1.5003e-14,38.082
TGO,2026 JUL 24 06:24:00,6.693,-77.5009,394.4263,14.0517,37.1992,0.95309,36.6275

MRO,2026 JUL 24 12:18:00,39.0019,-161.925,295.794,14.1653,61.7225,1.5903e-15,61.7225
TGO,2026 JUL 24 12:27:00,34.1093,-158.5034,412.8856,14.5392,60.8118,0.1495,60.6888

MRO,2026 JUL 24 14:09:00,35.1678,171.3567,293.5711,14.1844,58.7741,2.2935e-14,58.7741
TGO,2026 JUL 24 14:24:00,31.4116,171.7138,410.8801,14.4514,58.066,0.55808,58.2915

MRO,2026 JUL 24 16:00:00,31.2913,144.5979,290.4185,14.2008,55.85,3.6542e-14,55.85
TGO,2026 JUL 24 16:21:00,28.6502,142.1379,407.7975,14.3775,55.3726,0.152,55.2586

MRO,2026 JUL 24 16:03:00,40.7901,143.1987,297.5977,14.1561,63.0873,5.0087e-14,63.0873
TGO,2026 JUL 24 16:24:00,37.3436,144.5668,413.7888,14.5881,63.5652,0.098131,63.4695

MRO,2026 JUL 24 17:54:00,36.9572,116.4623,293.6244,14.1742,60.0992,3.2435e-14,60.0992
TGO,2026 JUL 24 18:21:00,34.7122,114.7757,410.7146,14.4997,60.8848,0.083298,60.8473

MRO,2026 JUL 25 16:15:00,20.732,151.176,282.0287,14.2394,48.221,3.2122e-14,48.221
TGO,2026 JUL 25 15:54:00,23.1883,153.6465,404.5344,14.0636,48.3114,0.035012,48.3287

MRO,2026 JUL 25 19:57:00,13.1319,97.5426,275.0545,14.2647,43.4279,3.1365e-14,43.4279
TGO,2026 JUL 25 19:48:00,17.8212,94.6552,398.8471,13.9264,42.997,0.10007,43.0017

MRO,2026 JUL 26 03:36:00,45.9406,-16.187,299.2216,14.1278,66.8816,2.7909e-14,66.8816
TGO,2026 JUL 26 03:48:00,42.0155,-14.0362,417.3717,14.4658,65.9113,3.7469,64.5153

MRO,2026 JUL 26 05:27:00,42.1014,-42.8875,296.334,14.1483,63.8272,2.2935e-14,63.8272
TGO,2026 JUL 26 05:45:00,39.5134,-44.5221,415.9139,14.3314,62.9927,0.091359,62.9112

MRO,2026 JUL 26 07:18:00,38.3573,-69.6551,293.4725,14.1642,60.8798,6.1344e-14,60.8798
TGO,2026 JUL 26 07:42:00,36.9879,-74.382,414.2211,14.2383,60.3169,0.41943,60.409

MRO,2026 JUL 26 07:21:00,47.848,-71.2303,300.1857,14.1078,68.3288,5.9183e-14,68.3288
TGO,2026 JUL 26 07:45:00,45.5532,-71.1237,419.8925,14.5042,68.8749,0.11468,68.7626

MRO,2026 JUL 26 09:12:00,44.2344,-97.9338,297.4954,14.1281,65.427,2.7e-14,65.427
TGO,2026 JUL 26 09:42:00,43.1059,-101.0605,417.7509,14.4061,66.2997,0.1176,66.1851

MRO,2026 JUL 27 05:42:00,31.7329,-36.1423,288.5601,14.1983,55.7428,5.4349e-14,55.7428
TGO,2026 JUL 27 05:18:00,34.025,-33.3903,411.8387,13.9925,55.9867,0.5502,55.697

MRO,2026 JUL 27 07:33:00,27.9526,-62.9567,285.521,14.2111,52.9556,1.4224e-14,52.9556
TGO,2026 JUL 27 07:15:00,31.2391,-62.3146,410.3262,13.9619,53.4828,6.8425,51.2641

MRO,2026 JUL 27 09:24:00,24.3004,-89.7819,282.7164,14.2233,50.3537,1.7993e-14,50.3537
TGO,2026 JUL 27 09:12:00,28.9308,-92.8384,408.2144,13.8247,50.5475,0.90783,50.8349

MRO,2026 JUL 27 18:54:00,53.0866,129.2444,304.6232,14.0706,72.27,2.3801e-14,72.27
TGO,2026 JUL 27 19:09:00,50.173,130.3694,421.2524,14.3889,71.5258,0.123,71.4089

MRO,2026 JUL 27 20:45:00,49.3445,102.634,300.8246,14.0969,69.2309,6.5569e-15,69.2309
TGO,2026 JUL 27 21:06:00,47.712,100.1086,419.0844,14.2692,68.8373,0.13096,68.713

MRO,2026 JUL 28 17:15:00,36.9213,164.5242,294.5507,14.1739,59.3731,2.7406e-14,59.3731
TGO,2026 JUL 28 16:42:00,38.9571,167.2456,415.9374,13.82,58.7002,0.16843,58.6296

MRO,2026 JUL 28 19:06:00,33.0327,137.774,291.2003,14.1911,56.4287,1.9083e-14,56.4287
TGO,2026 JUL 28 18:39:00,36.22,137.5134,412.663,13.7356,55.8204,0.77534,55.4892

MRO,2026 JUL 28 19:09:00,42.5302,136.3452,298.271,14.1444,63.6856,5.7952e-14,63.6856
TGO,2026 JUL 28 18:42:00,44.8236,140.5731,418.4505,13.9883,64.6591,0.23665,64.4905

MRO,2026 JUL 29 10:12:00,59.9839,-85.6434,308.7482,13.9922,77.5254,3.6475e-14,77.5254
TGO,2026 JUL 29 10:30:00,58.0761,-82.873,426.4958,14.4689,77.9399,0.10907,77.8467

MRO,2026 JUL 29 12:03:00,56.4114,-112.0685,305.8112,14.0308,74.5936,3.4841e-14,74.5936
TGO,2026 JUL 29 12:27:00,55.7127,-113.6646,425.5114,14.3139,75.2807,0.12286,75.1724

MRO,2026 JUL 30 08:33:00,43.64,-49.7486,297.4671,14.1367,64.2591,5.1383e-14,64.2591
TGO,2026 JUL 30 08:03:00,46.9676,-48.3252,420.6182,13.745,64.9384,0.13728,64.8348

MRO,2026 JUL 30 23:36:00,61.3175,88.0918,307.2046,13.9731,78.3013,9.0507e-15,78.3013
TGO,2026 JUL 30 23:51:00,60.1582,89.3624,427.0074,14.3011,78.5784,0.11765,78.4872

MRO,2026 JUL 31 01:27:00,57.7968,61.698,305.8603,14.0142,75.4056,4.1834e-14,75.4056
TGO,2026 JUL 31 01:48:00,57.8134,58.3049,427.0786,14.1286,75.8872,0.13271,75.7788

MRO,2026 JUL 31 20:06:00,49.0412,150.7338,302.292,14.1006,68.2418,8.996e-15,68.2418
TGO,2026 JUL 31 19:27:00,51.7235,153.4109,423.3646,13.6464,68.44,0.20069,68.3357

MRO,2026 AUG 01 13:00:00,63.0359,-98.324,308.1579,13.9444,79.3834,3.556e-15,79.3834
TGO,2026 AUG 01 13:12:00,62.2234,-98.0341,428.1272,14.1583,79.4284,0.12501,79.3422

MRO,2026 AUG 01 14:51:00,59.4901,-124.5653,305.5537,13.9956,76.4798,2.8625e-14,76.4798
TGO,2026 AUG 01 15:09:00,59.8631,-129.4888,428.091,13.9592,76.6643,0.1415,76.5587

