"TC20 UVIS_COP_ROW"
81
89
-1
81
-1
-1
81
89
-1
-1
85
-1
-1
-1
-1
-1
-1
-1
95
85
-1
-1
89
81
-1
-1
81
-1
-1
89
95
81
89
-1
81
89
81
-1
89
81
-1
-1
-1
-1
81
95
-1
-1
-1
81
89
95
89
89
-1
-1
81
95
89
81
-1
81
89
95
-1
-1
-1
-1
85
95
89
-1
-1
81
89
95
-1
-1
-1
89
89
81
89
89
-1
-1
-1
81
89
-1
-1
89
81
95
89
-1
81
-1
89
95
81
-1
-1
89
-1
-1
-1
85
95
-1
89
-1
85
-1
95
-1
-1
-1
-1
89
85
89
85
-1
89
89
95
85
89
-1
-1
-1
-1
89
-1
-1
89
85
-1
85
-1
-1
-1
85
95
89
-1
95
85
89
-1
-1
85
95
-1
85
-1
-1
89
85
-1
85
-1
-1
-1
-1
85
-1
-1
-1
-1
85
89
-1
85
-1
89
95
85
-1
-1
-1
-1
85
89
-1
-1
-1
85
95
-1
-1
-1
85
-1
-1
89
-1
89
-1
-1
95
-1
89
85
-1
-1
85
-1
-1
-1
-1
89
95
89
-1
85
-1
-1
79
-1
89
89
-1
-1
-1
-1
89
-1
89
-1
79
-1
-1
95
85
-1
-1
-1
-1
-1
89
-1
-1
-1
-1
95
89
-1
-1
-1
85
-1
89
85
-1
-1
-1
-1
89
89
-1
-1
89
-1
-1
89
-1
89
-1
-1
-1
-1
85
-1
89
-1
89
-1
95
-1
-1
-1
89
89
-1
89
-1
-1
-1
89
-1
-1
89
95
-1
89
-1
-1
-1
-1
-1
89
95
-1
-1
-1
85
89
-1
85
-1
-1
-1
89
-1
-1
-1
95
89
89
85
85
-1
95
-1
-1
85
89
85
95
89
89
95
-1
89
95
-1
-1
-1
-1
