THERMAL ORBIT NUMBER WITH LNO NADIR
1
2
4
8
11
13
16
19
20
23
27
29
30
33
36
38
42
46
48
51
55
57
59
61
63
66
67
70
74
76
80
83
87
89
92
96
98
100
105
107
110
113
117
121
123
125
127
129
133
137
139
142
145
147
150
153
155
157
159
161
165
167
168
172
174
176
178
179
182
184
188
191
193
198
200
203
204
206
209
211
214
216
220
222
224
226
229
232
236
238
241
244
246
248
250
254
258
261
264
266
268
271
273
276
278
281
284
286
288
291
293
296
298
300
304
306
309
310
313
314
316
318
320
322
325
330
332
334
336
340
341
