"TC20 UVIS_COP_ROW"
81
95
81
79
81
95
81
79
81
95
81
85
81
79
85
81
95
81
79
81
95
81
79
17
95
81
79
81
95
81
79
81
95
81
79
81
17
95
81
81
79
85
95
79
85
85
95
17
79
85
85
95
85
85
79
95
85
79
85
85
17
85
85
95
85
79
95
85
85
79
85
17
95
85
79
85
95
17
79
95
85
79
85
85
-1
95
85
79
85
85
85
95
79
85
95
17
79
85
95
85
79
85
85
95
17
85
79
85
85
95
85
85
85
79
85
95
79
89
89
17
89
95
89
79
89
89
95
85
79
95
85
79
89
95
79
89
95
89
79
89
95
85
79
17
95
79
95
89
17
85
89
79
95
89
79
89
89
95
79
89
95
89
89
79
95
89
89
17
89
-1
-1
89
89
79
89
95
89
79
95
89
79
89
95
79
95
17
79
89
89
95
89
85
89
79
95
79
95
89
79
89
95
-1
85
-1
-1
85
-1
-1
-1
-1
85
89
89
79
95
17
89
79
89
17
95
85
89
79
95
89
85
89
89
79
-1
89
95
79
89
95
79
89
95
17
79
89
95
89
79
95
89
85
79
95
79
89
95
89
89
-1
-1
89
79
89
95
89
79
17
95
89
89
79
95
89
85
17
89
79
89
95
89
79
89
95
79
89
95
79
85
95
85
17
85
89
85
89
79
95
79
95
89
89
79
95
89
79
85
89
85
95
85
79
85
95
85
17
89
89
17
89
79
95
85
79
85
89
85
89
85
89
85
85
85
95
79
95
79
89
89
17
85
89
85
89
85
