THERMAL ORBIT NUMBER WITH LNO NADIR
1
2
4
6
8
10
13
16
17
19
22
24
29
31
34
36
38
41
42
44
46
47
49
51
54
57
59
61
66
67
69
74
75
77
79
81
84
87
90
91
93
95
98
99
103
104
106
108
110
111
113
116
117
119
122
125
126
128
129
131
135
137
138
140
141
144
146
148
150
152
153
156
159
161
164
166
168
172
173
175
178
179
181
183
187
190
191
193
195
198
200
201
203
205
207
210
212
213
215
216
219
221
222
227
228
231
233
235
237
239
240
243
245
248
251
253
260
262
265
267
269
272
277
278
280
285
287
290
292
294
296
302
303
305
310
312
315
317
320
322
324
327
331
334
337
340
