"TC20 UVIS_COP_ROW"
-1
-1
81
95
-1
81
-1
-1
85
-1
81
-1
95
-1
-1
85
-1
-1
-1
85
-1
-1
85
-1
-1
-1
-1
85
89
-1
85
-1
-1
-1
-1
-1
-1
85
-1
95
85
-1
95
-1
85
-1
-1
89
95
85
-1
-1
89
72
-1
-1
-1
-1
85
-1
-1
-1
89
-1
89
72
-1
89
-1
85
-1
-1
85
-1
85
-1
-1
72
-1
-1
-1
79
-1
85
-1
-1
-1
-1
85
89
95
72
89
-1
-1
89
-1
-1
-1
95
-1
85
95
-1
-1
85
89
-1
95
89
85
-1
-1
85
-1
85
-1
95
-1
-1
79
-1
-1
85
89
-1
85
89
85
85
-1
89
-1
-1
89
95
89
-1
-1
89
-1
-1
85
-1
79
89
-1
-1
-1
89
85
89
89
-1
89
-1
79
89
85
-1
-1
89
95
85
85
-1
85
-1
85
85
-1
85
-1
-1
85
-1
-1
95
-1
85
-1
-1
85
-1
85
-1
95
85
85
85
-1
-1
79
89
89
95
-1
-1
-1
-1
85
-1
85
89
95
85
85
85
-1
-1
85
89
-1
-1
89
85
95
-1
89
85
-1
-1
85
-1
85
85
-1
85
-1
89
-1
-1
85
-1
85
-1
89
85
-1
85
85
89
-1
85
85
-1
85
-1
85
-1
-1
-1
-1
85
-1
-1
-1
85
85
85
89
-1
85
-1
85
-1
85
95
-1
89
-1
-1
-1
72
-1
85
85
81
85
85
85
81
95
-1
-1
-1
81
-1
-1
81
-1
81
85
85
85
85
-1
85
79
-1
-1
-1
89
81
-1
-1
81
89
-1
-1
85
72
79
72
85
79
89
-1
-1
81
-1
-1
-1
81
-1
72
-1
-1
81
85
85
-1
-1
81
-1
-1
-1
-1
72
-1
-1
