"TC20 UVIS_COP_ROW"
88
95
88
95
88
84
88
84
84
95
84
95
88
95
88
88
95
17
95
88
95
84
95
84
95
84
84
84
84
95
95
84
95
84
95
84
95
95
84
84
95
84
95
95
84
84
95
95
95
84
84
95
95
17
95
95
84
95
84
84
95
84
84
95
84
95
84
84
84
84
84
95
95
84
95
84
95
84
95
95
84
95
84
84
-1
-1
84
84
95
95
84
95
17
84
95
17
95
84
95
84
95
84
84
95
84
80
95
84
80
84
80
84
80
95
80
95
95
80
80
95
80
95
80
95
80
80
84
95
95
84
80
84
80
17
95
80
95
80
95
80
95
80
95
17
95
95
84
80
95
84
80
84
95
80
95
80
80
95
95
80
95
80
84
95
84
84
84
95
-1
84
-1
80
80
79
80
79
80
79
79
80
84
80
17
79
79
84
79
80
80
79
84
17
80
84
79
79
79
80
79
80
79
84
79
79
84
80
79
-1
79
84
79
80
80
79
79
17
80
79
80
79
84
80
80
95
95
84
84
80
80
95
80
80
95
95
80
95
95
80
95
17
95
80
95
80
95
84
80
80
95
95
84
17
95
80
80
-1
-1
80
79
80
79
84
79
80
79
80
84
79
79
80
79
80
80
79
80
79
80
95
80
95
95
80
95
84
80
95
80
17
80
80
95
17
95
95
95
95
80
80
95
84
80
95
80
80
95
95
80
95
84
95
80
95
80
80
95
80
95
95
80
95
95
80
95
80
84
80
95
80
80
95
84
95
95
84
80
17
95
80
95
80
95
