AER_01, OCCEG, 11, 67, 217, 278, 302
AER_01, OCCIN, 118, 166, 252, 327
AER_02, OCCEG, 
AER_02, OCCIN, 
DUST01, OCCEG, 19, 127, 177, 227, 281, 305
DUST01, OCCIN, 76, 260, 332
DUST02, OCCEG, 
DUST02, OCCIN, 
ICE_01, OCCEG, 25, 261, 334
ICE_01, OCCIN, 82, 134, 184, 234, 286, 310
NOM_01, OCCEG, 3, 13, 23, 39, 45, 69, 77, 91, 97, 109, 139, 145, 157, 181, 219, 229, 231, 236, 252, 260, 267, 274, 284, 290, 297, 308, 311, 327, 332, 335
NOM_01, OCCIN, 22, 58, 80, 120, 130, 132, 170, 180, 190, 196, 210, 241, 248, 261, 266, 280, 284, 289, 304, 308, 316, 323, 334