THERMAL ORBIT NUMBER WITH LNO NADIR
1
2
4
6
8
10
12
15
16
18
21
22
24
26
27
37
38
39
41
44
45
47
49
51
54
55
57
60
61
63
66
68
69
71
73
75
76
79
81
83
84
88
90
93
94
96
98
99
101
102
105
107
108
110
111
113
115
117
119
121
123
124
126
128
129
131
133
136
138
139
141
142
144
147
148
150
153
154
156
159
161
162
165
167
169
170
174
176
179
180
182
183
186
187
189
192
194
195
198
200
201
204
206
209
210
212
215
216
218
221
223
225
226
228
230
233
235
238
240
241
243
245
247
248
251
253
254
259
260
262
265
266
268
271
273
274
277
279
280
282
283
285
288
289
291
293
295
296
298
301
303
304
307
309
310
313
315
317
318
320
322
325
326
328
331
333
334
336
338
