THERMAL ORBIT NUMBER WITH LNO NADIR
1
2
4
6
9
11
14
16
17
19
21
23
24
27
29
31
33
34
36
39
40
43
45
47
49
50
52
55
56
58
61
63
64
67
69
72
74
76
78
79
82
84
88
89
90
93
95
97
99
101
104
106
108
109
112
114
115
118
121
122
124
125
127
130
131
133
134
137
138
140
143
145
146
148
150
152
154
156
158
160
162
163
166
168
170
174
176
179
180
182
183
186
187
189
194
195
197
201
203
205
207
210
212
213
216
218
220
221
223
228
232
235
237
239
241
245
247
249
251
253
261
262
263
265
268
270
271
273
275
277
279
283
287
288
291
293
296
297
299
301
302
303
306
307
309
310
311
313
315
317
319
321
323
324
325
327
329
332
333
335
337
338
339
341
