"TC20 UVIS_COP_ROW"
84
88
84
88
84
88
84
84
84
84
84
84
84
88
84
84
95
84
95
84
95
84
95
84
95
84
84
84
95
84
84
84
95
84
95
84
95
88
84
84
95
84
95
84
84
81
84
84
84
84
81
88
81
81
95
88
81
88
81
81
84
81
84
84
84
84
84
81
81
88
81
88
95
81
95
81
95
81
84
84
81
88
84
-1
-1
84
81
88
81
88
81
88
95
81
95
84
-1
81
84
81
84
84
84
88
95
81
95
81
81
88
81
88
81
88
84
88
95
84
81
88
84
88
84
88
81
84
95
81
95
88
81
88
81
88
95
81
95
81
84
81
95
84
95
17
95
88
95
81
95
81
81
88
95
81
95
81
81
88
95
81
84
81
81
88
95
81
81
88
81
-1
95
81
81
84
81
84
95
88
95
84
95
81
-1
88
95
81
95
81
81
88
81
17
84
88
95
84
95
81
95
81
95
81
95
88
81
81
95
81
95
81
95
84
81
88
84
81
81
88
81
88
95
81
81
88
95
81
95
81
81
88
84
81
95
84
81
88
95
81
95
17
95
81
95
81
95
88
81
81
95
88
95
80
84
80
-1
-1
95
80
95
80
95
80
95
80
95
80
80
88
95
80
95
84
84
88
80
88
80
88
81
88
95
81
95
88
81
88
81
17
81
81
95
81
95
84
95
88
81
81
95
88
81
88
81
81
95
88
81
88
95
88
84
88
81
84
95
81
95
88
81
88
95
81
95
81
95
81
95
81
81
84
95
88
95
81
81
17
95
81
95
81
