"TC20 UVIS_COP_ROW"
81
89
81
89
81
89
81
89
81
89
85
85
81
89
81
81
95
81
95
81
95
81
95
81
95
81
95
81
95
81
85
81
95
85
95
81
95
89
81
81
95
81
95
89
81
81
95
17
95
85
85
89
95
85
95
89
85
89
85
85
95
85
85
89
85
89
95
85
85
89
85
85
95
85
95
85
95
85
-1
89
85
89
85
85
-1
-1
85
89
85
89
85
85
95
85
95
17
95
85
95
85
95
85
85
89
95
85
95
85
85
89
95
89
85
89
85
89
95
85
85
89
85
89
85
89
85
85
95
85
95
89
85
89
89
89
95
89
95
89
95
89
95
89
95
17
95
89
85
89
95
85
89
89
95
89
85
89
89
85
95
89
95
89
-1
89
95
85
89
89
89
89
-1
89
89
85
89
89
89
89
95
89
95
89
95
89
95
89
95
89
89
89
89
17
89
89
95
89
95
89
95
89
95
89
95
89
89
89
95
89
95
85
95
85
89
89
85
89
89
89
89
89
95
89
89
85
95
89
95
89
85
89
89
89
95
89
89
89
95
89
95
17
95
89
95
89
95
89
85
89
85
89
95
89
95
89
89
-1
-1
89
95
89
95
85
95
89
85
89
95
89
95
89
95
89
89
89
89
89
89
89
89
89
95
89
95
89
89
89
89
17
85
89
85
89
95
89
95
89
89
89
95
89
89
89
89
85
85
89
85
89
85
89
89
89
89
89
95
89
95
89
89
85
95
89
85
89
85
89
95
89
85
89
85
89
95
89
89
17
95
89
95
89
95
