THERMAL ORBIT NUMBER WITH LNO NADIR
1
2
4
6
8
10
12
14
16
20
22
25
28
30
32
35
36
39
43
46
47
49
51
53
55
57
60
62
64
67
69
70
72
76
78
80
82
84
87
88
90
92
94
96
98
100
102
105
108
111
113
115
117
119
124
126
128
130
132
134
136
139
142
144
147
150
153
154
157
160
162
164
165
167
170
173
175
179
182
185
186
188
189
192
194
197
199
201
203
204
206
208
210
212
213
215
217
221
223
225
227
229
231
233
235
237
241
243
244
247
249
251
254
255
258
260
263
266
269
270
272
274
277
279
282
285
288
291
292
295
298
300
304
306
310
312
316
318
321
323
327
329
333
336
341
