"TC20 UVIS_COP_ROW"
89
85
85
85
89
85
89
85
89
89
89
-1
89
89
89
89
95
89
95
85
85
85
85
89
95
85
85
85
85
85
95
-1
95
85
95
85
95
89
85
85
85
85
-1
89
85
85
85
85
95
85
85
89
85
85
95
-1
85
89
85
85
85
85
85
85
85
85
95
85
85
89
-1
89
95
85
95
85
95
85
95
89
85
85
95
85
-1
-1
85
89
85
89
85
89
95
-1
95
17
95
81
95
81
85
85
85
89
85
-1
85
81
81
89
81
89
81
89
81
89
95
81
85
-1
81
89
81
85
85
81
85
81
95
89
81
-1
81
89
95
81
95
81
95
81
95
85
85
17
95
89
85
81
95
85
81
89
95
81
95
81
-1
89
95
81
85
85
81
89
95
85
81
89
81
89
95
81
81
89
81
89
85
89
95
81
95
85
-1
89
85
81
95
81
81
89
81
17
81
89
95
89
95
81
95
81
95
81
95
89
81
81
-1
81
95
81
95
81
81
89
95
81
85
89
81
89
95
81
81
89
95
85
95
81
81
89
81
81
95
89
81
85
95
81
95
17
95
85
95
81
95
89
81
81
95
89
95
81
95
81
81
-1
-1
81
95
81
95
81
95
85
95
81
85
89
-1
81
95
81
81
89
81
89
81
85
81
89
95
81
95
89
81
89
81
17
81
81
95
81
95
-1
95
89
81
81
95
89
81
89
81
81
95
89
-1
89
95
89
81
89
81
81
95
81
95
89
95
89
95
81
95
81
85
81
95
85
89
89
95
-1
95
81
81
17
95
81
95
81
95
