"TC20 UVIS_COP_ROW"
85
85
-1
85
-1
-1
85
81
-1
95
-1
81
-1
-1
-1
81
-1
-1
85
85
-1
-1
-1
-1
-1
85
-1
-1
-1
81
95
89
-1
81
89
-1
-1
85
-1
81
85
89
81
-1
-1
81
-1
-1
-1
89
81
-1
81
-1
95
85
89
81
85
89
-1
85
-1
-1
-1
81
95
-1
81
-1
81
-1
-1
81
-1
95
-1
-1
-1
85
81
-1
-1
81
-1
-1
-1
-1
81
-1
95
-1
81
-1
-1
89
79
-1
-1
-1
89
85
95
89
-1
95
81
-1
-1
89
81
-1
85
-1
-1
-1
-1
-1
81
-1
-1
-1
81
-1
-1
-1
-1
81
89
-1
-1
89
81
-1
89
-1
81
85
-1
-1
85
-1
-1
-1
81
-1
-1
-1
-1
-1
95
81
-1
-1
-1
81
-1
89
72
-1
-1
-1
-1
81
-1
-1
-1
81
-1
-1
-1
-1
81
85
-1
89
85
-1
-1
81
-1
-1
81
95
-1
-1
-1
-1
89
81
89
89
-1
81
-1
-1
89
-1
85
-1
-1
81
-1
89
95
-1
81
-1
-1
85
-1
81
-1
-1
81
89
-1
89
89
81
-1
-1
-1
81
-1
-1
89
81
-1
-1
-1
81
-1
-1
85
-1
81
85
-1
89
-1
85
-1
-1
-1
72
-1
85
-1
-1
-1
85
-1
-1
85
-1
-1
85
-1
-1
-1
-1
-1
85
-1
-1
-1
85
89
89
85
89
-1
85
-1
-1
85
89
-1
-1
-1
85
-1
-1
-1
85
89
-1
-1
85
-1
-1
-1
85
-1
-1
89
85
-1
-1
-1
85
-1
95
-1
85
85
-1
-1
85
-1
-1
-1
85
-1
-1
-1
85
-1
-1
-1
85
-1
-1
-1
85
89
-1
89
-1
95
85
89
-1
-1
-1
89
89
-1
-1
-1
