THERMAL ORBIT NUMBER WITH LNO NADIR
1
2
4
6
8
10
12
15
16
18
21
22
24
26
27
29
30
33
35
39
41
43
45
49
51
52
55
57
60
61
63
66
67
69
71
74
75
78
80
81
83
84
88
89
91
92
95
97
98
100
101
103
106
107
109
112
113
115
118
120
121
124
126
127
130
132
134
136
137
140
142
143
146
150
152
154
156
158
160
162
165
166
168
170
174
176
178
181
182
184
187
188
190
193
195
196
199
201
202
204
206
208
211
212
214
216
218
219
221
223
225
227
229
230
232
235
236
238
240
242
244
246
248
250
252
254
256
259
261
262
264
266
268
269
272
274
277
278
280
281
284
285
287
289
290
292
293
296
298
299
302
304
306
308
309
311
314
316
317
319
321
323
325
327
328
330
332
334
335
337
339
341
